Spipo23G0016200	SWLF01000018.1	98.182	110	2	0	94	423	5907495	5907824	1.15e-167	282
Spipo23G0016200	SWLF01000018.1	100.000	104	0	0	421	732	5907908	5908219	1.15e-167	257
Spipo23G0016200	SWLF01000018.1	94.595	37	2	0	1	111	5907273	5907383	1.15e-167	90.9
Spipo23G0016200	SWLF01000018.1	97.297	111	3	0	422	90	5907823	5907491	5.56e-160	259
Spipo23G0016200	SWLF01000018.1	100.000	104	0	0	731	420	5908218	5907907	5.56e-160	256
Spipo23G0016200	SWLF01000018.1	100.000	34	0	0	104	3	5907376	5907275	5.56e-160	89.5
Spipo23G0016200	SWLF01000018.1	100.000	67	0	0	618	418	5908105	5907905	8.26e-64	167
Spipo23G0016200	SWLF01000018.1	100.000	24	0	0	243	172	5907644	5907573	8.26e-64	57.6
Spipo23G0016200	SWLF01000018.1	100.000	16	0	0	423	376	5907824	5907777	8.26e-64	40.2
Spipo23G0016200	SWLF01000018.1	100.000	9	0	0	130	104	5907531	5907505	8.26e-64	27.6
Spipo23G0016200	SWLF01000018.1	100.000	8	0	0	253	230	5907654	5907631	8.26e-64	25.4
Spipo23G0016200	SWLF01000018.1	100.000	67	0	0	420	620	5907907	5908107	2.06e-51	142
Spipo23G0016200	SWLF01000018.1	100.000	44	0	0	123	254	5907524	5907655	2.06e-51	74.1
Spipo23G0016200	SWLF01000018.1	100.000	18	0	0	2	55	5907274	5907327	2.06e-51	54.2
Spipo23G0016200	SWLF01000018.1	100.000	18	0	0	54	1	5907326	5907273	2.00e-09	48.9
Spipo23G0016200	SWLF01000018.1	100.000	22	0	0	487	422	5907974	5907909	2.00e-09	47.8
Spipo23G0016200	SWLF01000018.1	100.000	18	0	0	3	56	5907275	5907328	3.79e-06	45.8
Spipo23G0016200	SWLF01000018.1	100.000	16	0	0	521	568	5908008	5908055	3.79e-06	39.6
Spipo23G0016200	SWLF01000027.1	96.262	107	4	0	103	423	7217285	7216965	7.98e-145	273
Spipo23G0016200	SWLF01000027.1	83.962	106	17	0	406	723	7216521	7216204	7.98e-145	236
Spipo23G0016200	SWLF01000027.1	80.000	35	7	0	1	105	7217510	7217406	7.98e-145	73.9
Spipo23G0016200	SWLF01000027.1	86.916	107	14	0	422	102	7216966	7217286	2.60e-116	216
Spipo23G0016200	SWLF01000027.1	79.817	109	22	0	731	405	7216196	7216522	2.60e-116	203
Spipo23G0016200	SWLF01000027.1	86.667	30	4	0	104	15	7217407	7217496	2.60e-116	68.9
Spipo23G0016200	SWLF01000027.1	76.119	67	16	0	618	418	7216309	7216509	4.09e-29	120
Spipo23G0016200	SWLF01000027.1	88.889	18	2	0	429	376	7216959	7217012	4.09e-29	39.3
Spipo23G0016200	SWLF01000027.1	68.182	22	7	0	240	175	7217148	7217213	4.09e-29	35.7
Spipo23G0016200	SWLF01000027.1	72.727	66	18	0	420	617	7216507	7216310	2.10e-22	90.0
Spipo23G0016200	SWLF01000027.1	81.818	22	4	0	123	188	7217265	7217200	2.10e-22	50.8
Spipo23G0016200	SWLF01000117.1	73.267	101	27	0	421	723	3131272	3130970	6.81e-112	188
Spipo23G0016200	SWLF01000117.1	70.175	57	17	0	259	429	3131521	3131351	6.81e-112	111
Spipo23G0016200	SWLF01000117.1	78.431	51	11	0	103	255	3131671	3131519	6.81e-112	111
Spipo23G0016200	SWLF01000117.1	67.857	28	9	0	22	105	3131836	3131753	6.81e-112	52.4
Spipo23G0016200	SWLF01000117.1	60.606	99	39	0	713	417	3130980	3131276	1.11e-67	124
Spipo23G0016200	SWLF01000117.1	61.818	55	21	0	242	78	3131532	3131696	1.11e-67	77.1
Spipo23G0016200	SWLF01000117.1	59.649	57	23	0	428	258	3131352	3131522	1.11e-67	70.3
Spipo23G0016200	SWLF01000117.1	77.273	22	5	0	104	39	3131754	3131819	1.11e-67	41.8
Spipo23G0016200	SWLF01000117.1	55.738	61	27	0	609	427	3131084	3131266	2.20e-13	64.9
Spipo23G0016200	SWLF01000117.1	66.667	18	6	0	429	376	3131351	3131404	2.20e-13	29.7
Spipo23G0016200	SWLF01000117.1	53.731	67	31	0	420	620	3131273	3131073	3.86e-12	66.8
Spipo23G0016200	SWLF01000117.1	62.500	24	9	0	123	194	3131651	3131580	3.86e-12	39.4
Spipo23G0016200	SWLF01000030.1	69.091	110	34	0	94	423	3207456	3207127	2.59e-111	210
Spipo23G0016200	SWLF01000030.1	72.549	102	28	0	418	723	3207060	3206755	2.59e-111	187
Spipo23G0016200	SWLF01000030.1	65.385	26	9	0	28	105	3207614	3207537	2.59e-111	44.1
Spipo23G0016200	SWLF01000030.1	65.714	105	36	0	731	417	3206747	3207061	3.18e-72	143
Spipo23G0016200	SWLF01000030.1	60.909	110	43	0	422	93	3207128	3207457	3.18e-72	138
Spipo23G0016200	SWLF01000030.1	75.000	16	4	0	104	57	3207538	3207585	3.18e-72	29.5
Spipo23G0016200	SWLF01000030.1	50.746	67	33	0	618	418	3206860	3207060	7.69e-11	61.7
Spipo23G0016200	SWLF01000030.1	62.500	16	6	0	423	376	3207127	3207174	7.69e-11	24.3
Spipo23G0016200	SWLF01000019.1	64.706	102	36	0	421	726	7520811	7521116	1.14e-98	167
Spipo23G0016200	SWLF01000019.1	63.158	57	21	0	103	273	7520420	7520590	1.14e-98	101
Spipo23G0016200	SWLF01000019.1	66.667	60	20	0	259	438	7520570	7520749	1.14e-98	100
Spipo23G0016200	SWLF01000019.1	70.833	24	7	0	34	105	7520266	7520337	1.14e-98	49.2
Spipo23G0016200	SWLF01000019.1	56.566	99	43	0	713	417	7521103	7520807	4.15e-57	114
Spipo23G0016200	SWLF01000019.1	57.143	56	24	0	242	75	7520559	7520392	4.15e-57	78.0
Spipo23G0016200	SWLF01000019.1	59.615	52	21	0	413	258	7520724	7520569	4.15e-57	67.5
Spipo23G0016200	SWLF01000019.1	53.846	65	30	0	609	415	7520999	7520805	1.47e-11	68.1
Spipo23G0016200	SWLF01000019.1	62.500	24	9	0	104	33	7520336	7520265	1.47e-11	35.9
Spipo23G0016200	SWLF01000023.1	72.277	101	28	0	421	723	2372674	2372372	3.45e-98	183
Spipo23G0016200	SWLF01000023.1	76.364	55	13	0	259	423	2373032	2372868	3.45e-98	114
Spipo23G0016200	SWLF01000023.1	71.429	56	16	0	88	255	2373197	2373030	3.45e-98	110
Spipo23G0016200	SWLF01000023.1	86.364	22	3	0	40	105	2373333	2373268	3.45e-98	52.8
Spipo23G0016200	SWLF01000023.1	73.267	101	27	0	421	723	3052187	3052489	5.80e-97	182
Spipo23G0016200	SWLF01000023.1	84.314	51	8	0	103	255	3051683	3051835	5.80e-97	116
Spipo23G0016200	SWLF01000023.1	71.930	57	16	0	259	429	3051833	3052003	5.80e-97	110
Spipo23G0016200	SWLF01000023.1	85.714	21	3	0	43	105	3051538	3051600	5.80e-97	48.3
Spipo23G0016200	SWLF01000023.1	72.277	101	28	0	421	723	2347075	2346773	6.99e-93	183
Spipo23G0016200	SWLF01000023.1	76.364	55	13	0	259	423	2347433	2347269	6.99e-93	114
Spipo23G0016200	SWLF01000023.1	64.615	65	23	0	61	255	2347625	2347431	6.99e-93	112
Spipo23G0016200	SWLF01000023.1	60.204	98	39	0	713	420	3052479	3052186	8.05e-59	128
Spipo23G0016200	SWLF01000023.1	74.468	47	12	0	242	102	3051822	3051682	8.05e-59	84.9
Spipo23G0016200	SWLF01000023.1	61.404	57	22	0	428	258	3052002	3051832	8.05e-59	73.0
Spipo23G0016200	SWLF01000023.1	80.952	21	4	0	104	42	3051599	3051537	8.05e-59	42.8
Spipo23G0016200	SWLF01000023.1	55.102	98	44	0	713	420	2346783	2347076	7.41e-51	101
Spipo23G0016200	SWLF01000023.1	55.102	98	44	0	713	420	2372382	2372675	7.41e-51	101
Spipo23G0016200	SWLF01000023.1	72.340	47	13	0	242	102	2347444	2347584	7.41e-51	79.4
Spipo23G0016200	SWLF01000023.1	72.340	47	13	0	242	102	2373043	2373183	7.41e-51	79.4
Spipo23G0016200	SWLF01000023.1	61.017	59	23	0	434	258	2347258	2347434	7.41e-51	76.7
Spipo23G0016200	SWLF01000023.1	61.017	59	23	0	434	258	2372857	2373033	7.41e-51	76.7
Spipo23G0016200	SWLF01000023.1	72.727	22	6	0	104	39	2347669	2347734	7.41e-51	44.6
Spipo23G0016200	SWLF01000023.1	72.727	22	6	0	104	39	2373269	2373334	7.41e-51	44.6
Spipo23G0016200	SWLF01000023.1	51.562	64	31	0	420	611	2347076	2346885	8.44e-13	55.8
Spipo23G0016200	SWLF01000023.1	86.364	22	3	0	40	105	2347733	2347668	8.44e-13	52.8
Spipo23G0016200	SWLF01000023.1	50.000	24	12	0	123	194	2347563	2347492	8.44e-13	31.6
Spipo23G0016200	SWLF01000023.1	47.761	67	35	0	420	620	3052186	3052386	1.59e-09	60.4
Spipo23G0016200	SWLF01000023.1	62.500	24	9	0	123	194	3051703	3051774	1.59e-09	37.1
Spipo23G0016200	SWLF01000023.1	52.381	63	30	0	609	421	2346887	2347075	1.89e-09	63.0
Spipo23G0016200	SWLF01000023.1	52.381	63	30	0	609	421	2372486	2372674	1.89e-09	63.0
Spipo23G0016200	SWLF01000023.1	51.562	64	31	0	420	611	2372675	2372484	2.86e-07	55.8
Spipo23G0016200	SWLF01000023.1	46.875	64	34	0	609	418	3052375	3052184	5.61e-07	54.8
Spipo23G0016200	SWLF01000100.1	60.784	102	40	0	418	723	2837380	2837685	4.36e-76	155
Spipo23G0016200	SWLF01000100.1	53.684	95	44	0	154	438	2837030	2837314	4.36e-76	135
Spipo23G0016200	SWLF01000100.1	52.632	19	9	0	103	159	2836982	2837038	4.36e-76	26.3
Spipo23G0016200	SWLF01000100.1	42.857	21	12	0	43	105	2836816	2836878	4.36e-76	25.4
Spipo23G0016200	SWLF01000100.1	55.660	106	47	0	716	399	2837678	2837361	2.82e-29	128
Spipo23G0016200	SWLF01000100.1	49.474	95	48	0	437	153	2837313	2837029	3.03e-22	85.4
Spipo23G0016200	SWLF01000100.1	34.426	61	40	0	618	436	2837580	2837398	3.03e-22	39.3
Spipo23G0016200	SWLF01000075.1	66.250	80	27	0	307	546	5362446	5362207	5.62e-73	133
Spipo23G0016200	SWLF01000075.1	57.143	56	24	0	106	273	5362638	5362471	5.62e-73	88.6
Spipo23G0016200	SWLF01000075.1	60.976	41	16	0	601	723	5362137	5362015	5.62e-73	64.3
Spipo23G0016200	SWLF01000075.1	73.333	15	4	0	43	87	5362802	5362758	5.62e-73	33.6
Spipo23G0016200	SWLF01000075.1	83.333	12	2	0	259	294	5362491	5362456	5.62e-73	29.5
Spipo23G0016200	SWLF01000075.1	59.494	79	32	0	542	306	5362211	5362447	6.80e-40	103
Spipo23G0016200	SWLF01000075.1	56.522	46	20	0	242	105	5362502	5362639	6.80e-40	53.3
Spipo23G0016200	SWLF01000075.1	51.429	35	17	0	713	609	5362025	5362129	6.80e-40	35.0
Spipo23G0016200	SWLF01000075.1	73.333	15	4	0	86	42	5362759	5362803	6.80e-40	28.1
Spipo23G0016200	SWLF01000119.1	63.462	104	38	0	421	732	3307128	3307439	2.04e-63	163
Spipo23G0016200	SWLF01000119.1	52.727	55	26	0	259	423	3306809	3306973	2.04e-63	75.8
Spipo23G0016200	SWLF01000119.1	52.000	50	24	0	106	255	3306659	3306808	2.04e-63	73.0
Spipo23G0016200	SWLF01000119.1	56.000	100	44	0	728	429	3307435	3307136	1.79e-35	115
Spipo23G0016200	SWLF01000119.1	48.000	50	26	0	407	258	3306957	3306808	1.79e-35	51.9
Spipo23G0016200	SWLF01000119.1	54.545	44	20	0	236	105	3306789	3306658	1.79e-35	50.6
Spipo23G0016200	SWLF01000119.1	53.333	60	28	0	600	421	3307307	3307128	2.07e-10	66.2
Spipo23G0016200	SWLF01000119.1	36.842	38	24	0	160	273	2488179	2488066	2.54e-07	40.9
Spipo23G0016200	SWLF01000119.1	88.889	9	1	0	103	129	2488239	2488213	2.54e-07	25.4
Spipo23G0016200	SWLF01000119.1	40.909	22	13	0	319	384	2488053	2487988	2.54e-07	23.5
Spipo23G0016200	SWLF01000119.1	53.846	65	30	0	420	614	3307127	3307321	1.39e-06	53.5
Spipo23G0016200	SWLF01000047.1	54.400	125	57	0	337	711	4836364	4835990	1.43e-57	165
Spipo23G0016200	SWLF01000047.1	72.500	40	11	0	103	222	4836716	4836597	1.43e-57	83.1
Spipo23G0016200	SWLF01000047.1	76.190	21	5	0	49	111	4836855	4836793	1.43e-57	43.7
Spipo23G0016200	SWLF01000047.1	54.737	95	43	0	704	420	4835997	4836281	1.07e-35	105
Spipo23G0016200	SWLF01000047.1	62.000	50	19	0	407	258	4836409	4836558	1.07e-35	68.0
Spipo23G0016200	SWLF01000047.1	45.455	44	24	0	230	99	4836589	4836720	1.07e-35	41.8
Spipo23G0016200	SWLF01000047.1	86.667	15	2	0	107	63	4836797	4836841	1.07e-35	33.6
Spipo23G0016200	SWLF01000047.1	69.091	55	17	0	259	423	4836557	4836393	9.89e-30	103
Spipo23G0016200	SWLF01000047.1	39.394	66	40	0	420	617	4836281	4836084	9.89e-30	46.7
Spipo23G0016200	SWLF01000047.1	48.485	66	34	0	618	421	4836083	4836280	1.97e-13	76.3
