Spipo11G0034700	SWLF01000075.1	100.000	111	0	0	520	852	1792595	1792263	7.43e-168	273
Spipo11G0034700	SWLF01000075.1	97.015	67	2	0	318	518	1793067	1792867	7.43e-168	169
Spipo11G0034700	SWLF01000075.1	100.000	60	0	0	3	182	1793551	1793372	7.43e-168	150
Spipo11G0034700	SWLF01000075.1	100.000	39	0	0	211	327	1793262	1793146	7.43e-168	100
Spipo11G0034700	SWLF01000075.1	100.000	112	0	0	852	517	1792263	1792598	2.24e-166	266
Spipo11G0034700	SWLF01000075.1	100.000	65	0	0	518	324	1792867	1793061	2.24e-166	167
Spipo11G0034700	SWLF01000075.1	100.000	68	0	0	205	2	1793349	1793552	2.24e-166	162
Spipo11G0034700	SWLF01000075.1	100.000	28	0	0	325	242	1793148	1793231	2.24e-166	74.4
Spipo11G0034700	SWLF01000075.1	100.000	19	0	0	267	211	1793206	1793262	2.24e-166	51.0
Spipo11G0034700	SWLF01000075.1	98.507	67	1	0	319	519	1793066	1792866	9.84e-132	163
Spipo11G0034700	SWLF01000075.1	100.000	62	0	0	666	851	1792449	1792264	9.84e-132	150
Spipo11G0034700	SWLF01000075.1	100.000	71	0	0	1	213	1793553	1793341	9.84e-132	144
Spipo11G0034700	SWLF01000075.1	100.000	32	0	0	231	326	1793242	1793147	9.84e-132	76.7
Spipo11G0034700	SWLF01000075.1	100.000	27	0	0	519	599	1792596	1792516	9.84e-132	69.8
Spipo11G0034700	SWLF01000075.1	100.000	111	0	0	851	519	1792264	1792596	8.84e-131	235
Spipo11G0034700	SWLF01000075.1	100.000	65	0	0	516	322	1792869	1793063	8.84e-131	153
Spipo11G0034700	SWLF01000075.1	100.000	46	0	0	213	76	1793341	1793478	8.84e-131	104
Spipo11G0034700	SWLF01000075.1	100.000	28	0	0	326	243	1793147	1793230	8.84e-131	72.5
Spipo11G0034700	SWLF01000075.1	100.000	14	0	0	42	1	1793512	1793553	8.84e-131	36.8
Spipo11G0034700	SWLF01000075.1	77.358	106	24	0	526	843	1801646	1801329	2.91e-111	206
Spipo11G0034700	SWLF01000075.1	81.818	66	12	0	322	519	1802173	1801976	2.91e-111	136
Spipo11G0034700	SWLF01000075.1	80.000	40	8	0	211	330	1802371	1802252	2.91e-111	84.9
Spipo11G0034700	SWLF01000075.1	76.923	39	9	0	97	213	1802568	1802452	2.91e-111	76.7
Spipo11G0034700	SWLF01000075.1	97.143	70	2	0	509	718	1792606	1792397	4.11e-101	165
Spipo11G0034700	SWLF01000075.1	100.000	65	0	0	323	517	1793062	1792868	4.11e-101	160
Spipo11G0034700	SWLF01000075.1	100.000	35	0	0	110	214	1793444	1793340	4.11e-101	83.5
Spipo11G0034700	SWLF01000075.1	100.000	38	0	0	212	325	1793261	1793148	4.11e-101	54.2
Spipo11G0034700	SWLF01000075.1	100.000	16	0	0	803	850	1792312	1792265	4.11e-101	36.8
Spipo11G0034700	SWLF01000075.1	100.000	12	0	0	2	37	1793552	1793517	4.11e-101	32.2
Spipo11G0034700	SWLF01000075.1	69.444	108	33	0	845	522	1801327	1801650	2.68e-69	145
Spipo11G0034700	SWLF01000075.1	75.385	65	16	0	518	324	1801977	1802171	2.68e-69	115
Spipo11G0034700	SWLF01000075.1	75.000	28	7	0	326	243	1802256	1802339	2.68e-69	50.1
Spipo11G0034700	SWLF01000075.1	69.697	33	10	0	191	93	1802474	1802572	2.68e-69	49.6
Spipo11G0034700	SWLF01000075.1	63.158	19	7	0	267	211	1802315	1802371	2.68e-69	33.6
Spipo11G0034700	SWLF01000075.1	58.120	117	49	0	849	499	1801323	1801673	1.68e-56	138
Spipo11G0034700	SWLF01000075.1	58.462	65	27	0	516	322	1801979	1802173	1.68e-56	89.0
Spipo11G0034700	SWLF01000075.1	58.974	39	16	0	213	97	1802452	1802568	1.68e-56	49.2
Spipo11G0034700	SWLF01000075.1	60.714	28	11	0	325	242	1802257	1802340	1.68e-56	43.7
Spipo11G0034700	SWLF01000075.1	100.000	36	0	0	772	665	1792343	1792450	5.60e-52	89.0
Spipo11G0034700	SWLF01000075.1	100.000	36	0	0	517	410	1792868	1792975	5.60e-52	87.7
Spipo11G0034700	SWLF01000075.1	100.000	36	0	0	191	84	1793363	1793470	5.60e-52	85.4
Spipo11G0034700	SWLF01000075.1	100.000	29	0	0	604	518	1792511	1792597	5.60e-52	40.5
Spipo11G0034700	SWLF01000075.1	100.000	11	0	0	35	3	1793519	1793551	5.60e-52	33.1
Spipo11G0034700	SWLF01000075.1	72.131	61	17	0	536	718	1801636	1801454	9.51e-41	101
Spipo11G0034700	SWLF01000075.1	54.545	66	30	0	321	518	1802174	1801977	9.51e-41	80.3
Spipo11G0034700	SWLF01000075.1	65.625	32	11	0	231	326	1802351	1802256	9.51e-41	45.5
Spipo11G0034700	SWLF01000075.1	47.500	40	21	0	116	235	1802549	1802430	9.51e-41	39.6
Spipo11G0034700	SWLF01000075.1	58.462	65	27	0	323	517	1802172	1801978	4.86e-24	76.7
Spipo11G0034700	SWLF01000075.1	53.226	62	29	0	666	851	1801506	1801321	4.86e-24	63.8
Spipo11G0034700	SWLF01000075.1	46.154	26	14	0	259	336	5362596	5362519	4.86e-24	38.2
Spipo11G0034700	SWLF01000075.1	70.000	30	9	0	754	665	1801418	1801507	3.01e-08	52.4
Spipo11G0034700	SWLF01000075.1	51.515	33	16	0	517	419	1801978	1802076	3.01e-08	39.1
Spipo11G0034700	SWLF01000075.1	35.714	56	36	0	184	17	1802481	1802648	3.01e-08	32.2
Spipo11G0034700	SWLF01000119.1	52.459	61	29	0	343	525	2488104	2487922	1.09e-43	82.6
Spipo11G0034700	SWLF01000119.1	52.381	42	20	0	211	336	2488239	2488114	1.09e-43	65.7
Spipo11G0034700	SWLF01000119.1	44.000	50	28	0	517	666	2487687	2487538	1.09e-43	60.6
Spipo11G0034700	SWLF01000119.1	51.163	43	21	0	715	843	2487165	2487037	1.09e-43	57.0
Spipo11G0034700	SWLF01000119.1	51.613	31	15	0	139	231	2488692	2488600	1.09e-43	42.8
Spipo11G0034700	SWLF01000119.1	51.724	58	28	0	506	333	2487941	2488114	1.01e-09	60.2
Spipo11G0034700	SWLF01000119.1	39.286	28	17	0	332	249	2488118	2488201	1.01e-09	22.1
Spipo11G0034700	SWLF01000119.1	57.143	21	9	0	265	327	4624723	4624785	5.43e-06	36.8
Spipo11G0034700	SWLF01000119.1	42.857	21	12	0	322	384	4624854	4624916	5.43e-06	25.4
Spipo11G0034700	SWLF01000119.1	100.000	7	0	0	211	231	4624666	4624686	5.43e-06	23.1
Spipo11G0034700	SWLF01000023.1	50.000	24	12	0	268	339	2373128	2373057	6.85e-08	36.3
Spipo11G0034700	SWLF01000023.1	50.000	24	12	0	268	339	2347529	2347458	6.85e-08	36.3
Spipo11G0034700	SWLF01000023.1	46.154	26	14	0	136	213	2373345	2373268	6.85e-08	30.4
Spipo11G0034700	SWLF01000023.1	46.154	26	14	0	136	213	2347745	2347668	6.85e-08	30.4
Spipo11G0034700	SWLF01000023.1	64.286	14	5	0	205	246	2373188	2373147	6.85e-08	25.4
Spipo11G0034700	SWLF01000023.1	64.286	14	5	0	205	246	2347589	2347548	6.85e-08	25.4
Spipo11G0034700	SWLF01000023.1	45.455	22	12	0	268	333	3051737	3051802	1.65e-07	35.4
Spipo11G0034700	SWLF01000023.1	40.741	27	16	0	133	213	3051520	3051600	1.65e-07	30.9
Spipo11G0034700	SWLF01000023.1	66.667	12	4	0	211	246	3051683	3051718	1.65e-07	24.4
Spipo11G0034700	SWLF01000117.1	47.826	23	12	0	268	336	3131617	3131549	1.68e-07	36.3
Spipo11G0034700	SWLF01000117.1	52.381	21	10	0	151	213	3131815	3131753	1.68e-07	29.0
Spipo11G0034700	SWLF01000117.1	56.250	16	7	0	199	246	3131683	3131636	1.68e-07	25.4
Spipo11G0034700	SWLF01000047.1	45.833	24	13	0	148	219	4836864	4836793	5.43e-07	34.1
Spipo11G0034700	SWLF01000047.1	44.444	27	15	0	268	348	4836662	4836582	5.43e-07	31.8
Spipo11G0034700	SWLF01000047.1	100.000	7	0	0	211	231	4836716	4836696	5.43e-07	23.1
Spipo11G0034700	SWLF01000019.1	52.632	19	9	0	283	339	7520489	7520545	3.10e-06	36.3
Spipo11G0034700	SWLF01000019.1	47.619	21	11	0	151	213	7520275	7520337	3.10e-06	24.9
Spipo11G0034700	SWLF01000019.1	72.727	11	3	0	199	231	7520408	7520440	3.10e-06	24.9
