Spipo22G0026300	SWLF01000117.1	81.308	107	20	0	139	459	3131671	3131351	8.06e-116	235
Spipo22G0026300	SWLF01000117.1	76.238	101	24	0	451	753	3131272	3130970	8.06e-116	172
Spipo22G0026300	SWLF01000117.1	85.000	20	3	0	82	141	3131812	3131753	8.06e-116	48.7
Spipo22G0026300	SWLF01000117.1	71.818	110	31	0	443	114	3131367	3131696	2.84e-86	180
Spipo22G0026300	SWLF01000117.1	65.385	104	36	0	752	441	3130971	3131282	2.84e-86	137
Spipo22G0026300	SWLF01000117.1	80.000	20	4	0	140	81	3131754	3131813	2.84e-86	40.5
Spipo22G0026300	SWLF01000117.1	57.447	47	20	0	282	142	3131528	3131668	4.16e-18	61.6
Spipo22G0026300	SWLF01000117.1	56.757	37	16	0	442	332	3131368	3131478	4.16e-18	49.2
Spipo22G0026300	SWLF01000117.1	52.542	59	28	0	270	446	3131540	3131364	4.66e-16	60.1
Spipo22G0026300	SWLF01000117.1	63.636	33	12	0	143	241	3131667	3131569	4.66e-16	43.7
Spipo22G0026300	SWLF01000023.1	82.727	110	19	0	124	453	2373197	2372868	1.54e-112	243
Spipo22G0026300	SWLF01000023.1	76.147	109	26	0	430	756	2372695	2372369	1.54e-112	182
Spipo22G0026300	SWLF01000023.1	76.000	25	6	0	67	141	2373342	2373268	1.54e-112	51.5
Spipo22G0026300	SWLF01000023.1	84.112	107	17	0	139	459	3051683	3052003	5.58e-109	241
Spipo22G0026300	SWLF01000023.1	77.451	102	23	0	451	756	3052187	3052492	5.58e-109	174
Spipo22G0026300	SWLF01000023.1	90.000	20	2	0	82	141	3051541	3051600	5.58e-109	49.2
Spipo22G0026300	SWLF01000023.1	78.151	119	26	0	97	453	2347625	2347269	4.21e-108	245
Spipo22G0026300	SWLF01000023.1	76.147	109	26	0	430	756	2347096	2346770	4.21e-108	182
Spipo22G0026300	SWLF01000023.1	78.095	105	23	0	452	138	2347270	2347584	2.74e-89	196
Spipo22G0026300	SWLF01000023.1	78.095	105	23	0	452	138	2372869	2373183	2.74e-89	196
Spipo22G0026300	SWLF01000023.1	72.549	102	28	0	755	450	2346771	2347076	2.74e-89	156
Spipo22G0026300	SWLF01000023.1	72.549	102	28	0	755	450	2372370	2372675	2.74e-89	156
Spipo22G0026300	SWLF01000023.1	44.444	45	25	0	140	6	2347669	2347803	2.74e-89	46.0
Spipo22G0026300	SWLF01000023.1	44.444	45	25	0	140	6	2373269	2373403	2.74e-89	46.0
Spipo22G0026300	SWLF01000023.1	75.701	107	26	0	458	138	3052002	3051682	9.58e-67	184
Spipo22G0026300	SWLF01000023.1	62.069	58	22	0	623	450	3052359	3052186	9.58e-67	84.0
Spipo22G0026300	SWLF01000023.1	70.000	30	9	0	752	663	3052488	3052399	9.58e-67	46.9
Spipo22G0026300	SWLF01000023.1	69.565	23	7	0	140	72	3051599	3051531	9.58e-67	40.5
Spipo22G0026300	SWLF01000023.1	56.731	104	45	0	141	452	2347581	2347270	1.13e-31	105
Spipo22G0026300	SWLF01000023.1	76.000	25	6	0	67	141	2347742	2347668	1.13e-31	51.5
Spipo22G0026300	SWLF01000023.1	57.692	104	44	0	141	452	2373180	2372869	1.26e-22	106
Spipo22G0026300	SWLF01000023.1	63.462	52	19	0	300	145	3051844	3051689	3.62e-22	74.4
Spipo22G0026300	SWLF01000023.1	53.846	39	18	0	448	332	3051992	3051876	3.62e-22	50.1
Spipo22G0026300	SWLF01000023.1	57.843	102	43	0	147	452	3051691	3051996	3.64e-20	98.7
Spipo22G0026300	SWLF01000023.1	73.333	30	8	0	427	338	2372894	2372983	2.52e-19	58.3
Spipo22G0026300	SWLF01000023.1	50.000	50	25	0	300	151	2373021	2373170	2.52e-19	56.5
Spipo22G0026300	SWLF01000023.1	70.000	30	9	0	427	338	2347295	2347384	6.41e-19	57.0
Spipo22G0026300	SWLF01000023.1	50.000	50	25	0	300	151	2347422	2347571	6.41e-19	56.5
Spipo22G0026300	SWLF01000019.1	71.429	105	30	0	139	453	7520420	7520734	7.22e-105	205
Spipo22G0026300	SWLF01000019.1	73.267	101	27	0	451	753	7520811	7521113	7.22e-105	169
Spipo22G0026300	SWLF01000019.1	72.727	22	6	0	76	141	7520272	7520337	7.22e-105	46.0
Spipo22G0026300	SWLF01000019.1	63.810	105	38	0	452	138	7520733	7520419	1.03e-73	147
Spipo22G0026300	SWLF01000019.1	64.356	101	36	0	752	450	7521112	7520810	1.03e-73	133
Spipo22G0026300	SWLF01000019.1	82.353	17	3	0	140	90	7520336	7520286	1.03e-73	35.0
Spipo22G0026300	SWLF01000019.1	52.000	100	48	0	153	452	7520434	7520733	6.19e-19	94.6
Spipo22G0026300	SWLF01000019.1	56.000	50	22	0	300	151	7520581	7520432	6.43e-19	57.4
Spipo22G0026300	SWLF01000019.1	47.500	40	21	0	448	329	7520729	7520610	6.43e-19	45.1
Spipo22G0026300	SWLF01000019.1	73.684	19	5	0	514	458	7520874	7520818	6.43e-19	28.1
Spipo22G0026300	SWLF01000018.1	68.317	101	32	0	451	753	5907908	5908210	2.01e-103	149
Spipo22G0026300	SWLF01000018.1	78.182	55	12	0	289	453	5907660	5907824	2.01e-103	120
Spipo22G0026300	SWLF01000018.1	70.000	60	18	0	130	309	5907495	5907674	2.01e-103	112
Spipo22G0026300	SWLF01000018.1	90.476	21	2	0	85	147	5907321	5907383	2.01e-103	51.9
Spipo22G0026300	SWLF01000018.1	54.000	100	46	0	749	450	5908206	5907907	1.33e-63	92.7
Spipo22G0026300	SWLF01000018.1	74.510	51	13	0	452	300	5907823	5907671	1.33e-63	85.8
Spipo22G0026300	SWLF01000018.1	68.000	50	16	0	278	129	5907643	5907494	1.33e-63	77.6
Spipo22G0026300	SWLF01000018.1	47.727	44	23	0	140	9	5907376	5907245	1.33e-63	44.1
Spipo22G0026300	SWLF01000018.1	57.143	42	18	0	276	151	5907641	5907516	3.67e-17	54.7
Spipo22G0026300	SWLF01000018.1	60.526	38	15	0	445	332	5907816	5907703	3.67e-17	52.8
Spipo22G0026300	SWLF01000018.1	60.465	43	17	0	303	431	5907674	5907802	6.58e-14	58.7
Spipo22G0026300	SWLF01000018.1	65.517	29	10	0	152	238	5907517	5907603	6.58e-14	37.7
Spipo22G0026300	SWLF01000030.1	64.706	102	36	0	448	753	3207060	3206755	1.17e-92	144
Spipo22G0026300	SWLF01000030.1	76.364	55	13	0	289	453	3207291	3207127	1.17e-92	113
Spipo22G0026300	SWLF01000030.1	67.925	53	17	0	130	288	3207456	3207298	1.17e-92	100
Spipo22G0026300	SWLF01000030.1	55.556	27	12	0	61	141	3207617	3207537	1.17e-92	39.6
Spipo22G0026300	SWLF01000030.1	55.000	100	45	0	749	450	3206759	3207058	3.26e-60	105
Spipo22G0026300	SWLF01000030.1	72.917	48	13	0	440	297	3207140	3207283	3.26e-60	79.0
Spipo22G0026300	SWLF01000030.1	61.111	54	21	0	290	129	3207296	3207457	3.26e-60	76.7
Spipo22G0026300	SWLF01000030.1	48.148	27	14	0	140	60	3207538	3207618	3.26e-60	28.1
Spipo22G0026300	SWLF01000030.1	62.162	37	14	0	442	332	3207138	3207248	3.59e-19	56.5
Spipo22G0026300	SWLF01000030.1	55.556	45	20	0	279	145	3207307	3207441	3.59e-19	48.7
Spipo22G0026300	SWLF01000030.1	63.158	19	7	0	520	464	3206988	3207044	3.59e-19	26.3
Spipo22G0026300	SWLF01000030.1	56.818	44	19	0	303	434	3207277	3207146	6.69e-10	51.5
Spipo22G0026300	SWLF01000030.1	53.125	32	15	0	146	241	3207440	3207345	6.69e-10	31.3
Spipo22G0026300	SWLF01000027.1	63.208	106	39	0	436	753	7216521	7216204	2.08e-87	145
Spipo22G0026300	SWLF01000027.1	78.182	55	12	0	289	453	7217129	7216965	2.08e-87	120
Spipo22G0026300	SWLF01000027.1	70.175	57	17	0	139	309	7217285	7217115	2.08e-87	108
Spipo22G0026300	SWLF01000027.1	73.077	26	7	0	64	141	7217483	7217406	2.08e-87	50.6
Spipo22G0026300	SWLF01000027.1	49.524	105	53	0	749	435	7216208	7216522	7.91e-51	89.5
Spipo22G0026300	SWLF01000027.1	70.588	51	15	0	290	138	7217134	7217286	7.91e-51	88.1
Spipo22G0026300	SWLF01000027.1	78.723	47	10	0	440	300	7216978	7217118	7.91e-51	82.6
Spipo22G0026300	SWLF01000027.1	40.000	45	27	0	140	6	7217407	7217541	7.91e-51	40.5
Spipo22G0026300	SWLF01000027.1	61.702	47	18	0	279	139	7217145	7217285	5.27e-15	60.2
Spipo22G0026300	SWLF01000027.1	51.351	37	18	0	442	332	7216976	7217086	5.27e-15	40.0
Spipo22G0026300	SWLF01000027.1	56.098	41	18	0	309	431	7217109	7216987	2.39e-12	47.8
Spipo22G0026300	SWLF01000027.1	50.000	28	14	0	141	224	7217283	7217200	2.39e-12	43.3
Spipo22G0026300	SWLF01000075.1	65.714	70	24	0	142	351	5362638	5362429	2.94e-75	122
Spipo22G0026300	SWLF01000075.1	66.667	69	23	0	337	543	5362446	5362240	2.94e-75	122
Spipo22G0026300	SWLF01000075.1	61.905	42	16	0	631	756	5362137	5362012	2.94e-75	63.4
Spipo22G0026300	SWLF01000075.1	76.923	13	3	0	85	123	5362796	5362758	2.94e-75	31.3
Spipo22G0026300	SWLF01000075.1	61.039	77	30	0	566	336	5362217	5362447	1.85e-46	100
Spipo22G0026300	SWLF01000075.1	65.574	61	21	0	323	141	5362457	5362639	1.85e-46	89.5
Spipo22G0026300	SWLF01000075.1	54.545	33	15	0	755	657	5362013	5362111	1.85e-46	28.1
Spipo22G0026300	SWLF01000075.1	90.000	10	1	0	113	84	5362768	5362797	1.85e-46	24.0
Spipo22G0026300	SWLF01000075.1	62.222	45	17	0	469	335	5362314	5362448	9.36e-17	63.8
Spipo22G0026300	SWLF01000075.1	41.509	53	31	0	300	142	5362480	5362638	9.36e-17	42.3
Spipo22G0026300	SWLF01000075.1	61.364	44	17	0	336	467	5362447	5362316	2.08e-08	59.6
Spipo22G0026300	SWLF01000075.1	68.750	32	10	0	468	373	5362315	5362410	5.98e-06	51.5
Spipo22G0026300	SWLF01000119.1	60.396	101	40	0	451	753	3307128	3307430	2.96e-54	135
Spipo22G0026300	SWLF01000119.1	52.000	50	24	0	142	291	3306659	3306808	2.96e-54	74.8
Spipo22G0026300	SWLF01000119.1	49.091	55	28	0	289	453	3306809	3306973	2.96e-54	71.2
Spipo22G0026300	SWLF01000119.1	53.191	94	44	0	752	471	3307429	3307148	8.40e-22	92.7
Spipo22G0026300	SWLF01000119.1	42.623	61	35	0	323	141	3306840	3306658	8.40e-22	46.4
Spipo22G0026300	SWLF01000119.1	35.714	42	27	0	196	321	2488179	2488054	7.73e-09	44.6
Spipo22G0026300	SWLF01000119.1	80.000	10	2	0	139	168	2488239	2488210	7.73e-09	25.8
Spipo22G0026300	SWLF01000119.1	45.455	22	12	0	349	414	2488053	2487988	7.73e-09	24.9
Spipo22G0026300	SWLF01000100.1	58.491	53	22	0	295	453	2837141	2837299	8.74e-53	84.9
Spipo22G0026300	SWLF01000100.1	55.357	56	25	0	586	753	2837518	2837685	8.74e-53	81.3
Spipo22G0026300	SWLF01000100.1	36.735	49	31	0	163	309	2837003	2837149	8.74e-53	47.8
Spipo22G0026300	SWLF01000100.1	58.621	29	12	0	448	534	2837380	2837466	8.74e-53	44.1
Spipo22G0026300	SWLF01000100.1	42.105	19	11	0	85	141	2836822	2836878	8.74e-53	23.1
Spipo22G0026300	SWLF01000100.1	40.741	108	64	0	752	429	2837684	2837361	2.61e-23	63.8
Spipo22G0026300	SWLF01000100.1	51.852	54	26	0	452	291	2837298	2837137	2.61e-23	55.6
Spipo22G0026300	SWLF01000100.1	44.118	34	19	0	290	189	2837130	2837029	2.61e-23	26.3
Spipo22G0026300	SWLF01000047.1	74.545	55	14	0	289	453	4836557	4836393	1.18e-51	110
Spipo22G0026300	SWLF01000047.1	72.093	43	12	0	139	267	4836716	4836588	1.18e-51	85.4
Spipo22G0026300	SWLF01000047.1	72.000	25	7	0	73	147	4836867	4836793	1.18e-51	46.4
Spipo22G0026300	SWLF01000047.1	69.388	49	15	0	437	291	4836409	4836555	9.09e-34	77.6
Spipo22G0026300	SWLF01000047.1	48.421	95	49	0	734	450	4835997	4836281	9.09e-34	65.2
Spipo22G0026300	SWLF01000047.1	61.364	44	17	0	266	135	4836589	4836720	9.09e-34	64.8
Spipo22G0026300	SWLF01000047.1	65.385	26	9	0	143	66	4836797	4836874	9.09e-34	35.0
Spipo22G0026300	SWLF01000047.1	49.606	127	64	0	367	747	4836364	4835984	1.00e-30	129
Spipo22G0026300	SWLF01000047.1	44.828	29	16	0	144	230	4836711	4836625	1.00e-30	39.2
Spipo22G0026300	SWLF01000047.1	42.857	35	20	0	436	332	4836410	4836514	8.46e-07	32.7
Spipo22G0026300	SWLF01000047.1	44.444	36	20	0	249	142	4836606	4836713	8.46e-07	30.9
Spipo22G0026300	SWLF01000047.1	40.000	20	12	0	323	264	4836526	4836585	8.46e-07	24.4
