SRR8517588.97715	SWLF01000023.1	96.364	110	4	0	121	450	2373197	2372868	1.39e-162	273
SRR8517588.97715	SWLF01000023.1	94.495	109	6	0	427	753	2372695	2372369	1.39e-162	254
SRR8517588.97715	SWLF01000023.1	100.000	46	0	0	1	138	2373405	2373268	1.39e-162	116
SRR8517588.97715	SWLF01000023.1	100.000	105	0	0	449	135	2347270	2347584	1.21e-157	260
SRR8517588.97715	SWLF01000023.1	100.000	105	0	0	449	135	2372869	2373183	1.21e-157	260
SRR8517588.97715	SWLF01000023.1	100.000	102	0	0	752	447	2346771	2347076	1.21e-157	254
SRR8517588.97715	SWLF01000023.1	100.000	102	0	0	752	447	2372370	2372675	1.21e-157	254
SRR8517588.97715	SWLF01000023.1	100.000	45	0	0	137	3	2347669	2347803	1.21e-157	112
SRR8517588.97715	SWLF01000023.1	100.000	45	0	0	137	3	2373269	2373403	1.21e-157	112
SRR8517588.97715	SWLF01000023.1	94.495	109	6	0	427	753	2347096	2346770	6.01e-139	254
SRR8517588.97715	SWLF01000023.1	100.000	68	0	0	246	449	2347473	2347270	6.01e-139	171
SRR8517588.97715	SWLF01000023.1	100.000	46	0	0	1	138	2347805	2347668	6.01e-139	116
SRR8517588.97715	SWLF01000023.1	100.000	22	0	0	138	203	2347581	2347516	6.01e-139	57.0
SRR8517588.97715	SWLF01000023.1	83.178	107	18	0	136	456	3051683	3052003	1.43e-118	237
SRR8517588.97715	SWLF01000023.1	81.373	102	19	0	448	753	3052187	3052492	1.43e-118	208
SRR8517588.97715	SWLF01000023.1	65.517	29	10	0	52	138	3051514	3051600	1.43e-118	51.5
SRR8517588.97715	SWLF01000023.1	90.756	119	11	0	94	450	2347625	2347269	7.02e-105	275
SRR8517588.97715	SWLF01000023.1	100.000	56	0	0	585	752	2346938	2346771	7.02e-105	142
SRR8517588.97715	SWLF01000023.1	92.308	13	1	0	443	481	2347080	2347042	7.02e-105	33.6
SRR8517588.97715	SWLF01000023.1	76.636	107	25	0	455	135	3052002	3051682	7.03e-89	198
SRR8517588.97715	SWLF01000023.1	66.337	101	34	0	749	447	3052488	3052186	7.03e-89	153
SRR8517588.97715	SWLF01000023.1	62.069	29	11	0	137	51	3051599	3051513	7.03e-89	46.0
SRR8517588.97715	SWLF01000023.1	98.529	68	1	0	246	449	2373072	2372869	1.43e-82	168
SRR8517588.97715	SWLF01000023.1	100.000	56	0	0	585	752	2372537	2372370	1.43e-82	142
SRR8517588.97715	SWLF01000023.1	100.000	22	0	0	138	203	2373180	2373115	1.43e-82	57.0
SRR8517588.97715	SWLF01000023.1	100.000	45	0	0	2	136	2373404	2373270	1.43e-82	40.0
SRR8517588.97715	SWLF01000023.1	92.308	13	1	0	443	481	2372679	2372641	1.43e-82	33.6
SRR8517588.97715	SWLF01000023.1	100.000	63	0	0	450	262	2347269	2347457	4.26e-65	155
SRR8517588.97715	SWLF01000023.1	100.000	45	0	0	135	1	2347671	2347805	4.26e-65	75.8
SRR8517588.97715	SWLF01000023.1	100.000	29	0	0	666	580	2346857	2346943	4.26e-65	68.9
SRR8517588.97715	SWLF01000023.1	88.000	25	3	0	195	121	2347524	2347598	4.26e-65	50.1
SRR8517588.97715	SWLF01000023.1	100.000	11	0	0	480	448	2347043	2347075	4.26e-65	31.8
SRR8517588.97715	SWLF01000023.1	98.413	63	1	0	450	262	2372868	2373056	1.47e-64	153
SRR8517588.97715	SWLF01000023.1	100.000	45	0	0	135	1	2373271	2373405	1.47e-64	75.8
SRR8517588.97715	SWLF01000023.1	100.000	29	0	0	666	580	2372456	2372542	1.47e-64	68.9
SRR8517588.97715	SWLF01000023.1	88.000	25	3	0	195	121	2373123	2373197	1.47e-64	50.1
SRR8517588.97715	SWLF01000023.1	100.000	11	0	0	480	448	2372642	2372674	1.47e-64	31.8
SRR8517588.97715	SWLF01000023.1	93.220	59	4	0	293	469	2347426	2347250	2.94e-50	137
SRR8517588.97715	SWLF01000023.1	100.000	29	0	0	581	667	2346942	2346856	2.94e-50	71.6
SRR8517588.97715	SWLF01000023.1	100.000	20	0	0	137	196	2347582	2347523	2.94e-50	51.0
SRR8517588.97715	SWLF01000023.1	100.000	45	0	0	2	136	2347804	2347670	2.94e-50	40.0
SRR8517588.97715	SWLF01000023.1	91.525	59	5	0	293	469	2373025	2372849	1.45e-47	135
SRR8517588.97715	SWLF01000023.1	100.000	29	0	0	581	667	2372541	2372455	1.45e-47	71.6
SRR8517588.97715	SWLF01000023.1	100.000	20	0	0	137	196	2373181	2373122	1.45e-47	51.0
SRR8517588.97715	SWLF01000023.1	41.176	34	20	0	55	156	9885345	9885244	1.45e-47	33.1
SRR8517588.97715	SWLF01000023.1	59.223	103	42	0	141	449	3051688	3051996	1.83e-35	118
SRR8517588.97715	SWLF01000023.1	57.143	56	24	0	585	752	3052324	3052491	1.83e-35	67.0
SRR8517588.97715	SWLF01000023.1	100.000	32	0	0	376	281	2347343	2347438	8.78e-27	93.2
SRR8517588.97715	SWLF01000023.1	100.000	16	0	0	202	155	2347517	2347564	8.78e-27	46.9
SRR8517588.97715	SWLF01000023.1	96.875	32	1	0	376	281	2372942	2373037	4.20e-26	90.9
SRR8517588.97715	SWLF01000023.1	100.000	16	0	0	202	155	2373116	2373163	4.20e-26	46.9
SRR8517588.97715	SWLF01000023.1	60.938	64	25	0	462	271	3052009	3051818	3.96e-20	86.3
SRR8517588.97715	SWLF01000023.1	74.074	27	7	0	663	583	3052402	3052322	3.96e-20	47.8
SRR8517588.97715	SWLF01000023.1	36.111	36	23	0	137	30	1514855	1514748	3.96e-20	31.8
SRR8517588.97715	SWLF01000023.1	65.625	32	11	0	376	281	3051923	3051828	4.68e-12	62.9
SRR8517588.97715	SWLF01000023.1	61.111	18	7	0	192	139	3051739	3051686	4.68e-12	27.2
SRR8517588.97715	SWLF01000023.1	58.182	55	23	0	293	457	3051840	3052004	5.92e-11	65.7
SRR8517588.97715	SWLF01000023.1	73.913	23	6	0	584	652	3052323	3052391	5.92e-11	36.8
SRR8517588.97715	SWLF01000117.1	79.439	107	22	0	136	456	3131671	3131351	1.60e-129	228
SRR8517588.97715	SWLF01000117.1	84.158	101	16	0	448	750	3131272	3130970	1.60e-129	221
SRR8517588.97715	SWLF01000117.1	78.261	23	5	0	70	138	3131821	3131753	1.60e-129	52.8
SRR8517588.97715	SWLF01000117.1	74.038	104	27	0	749	438	3130971	3131282	4.00e-99	181
SRR8517588.97715	SWLF01000117.1	68.182	110	35	0	440	111	3131367	3131696	4.00e-99	177
SRR8517588.97715	SWLF01000117.1	72.727	22	6	0	137	72	3131754	3131819	4.00e-99	42.3
SRR8517588.97715	SWLF01000117.1	58.333	60	25	0	450	271	3131357	3131536	9.56e-33	76.2
SRR8517588.97715	SWLF01000117.1	74.074	27	7	0	663	583	3131057	3131137	9.56e-33	51.9
SRR8517588.97715	SWLF01000117.1	73.333	15	4	0	202	158	3131605	3131649	9.56e-33	33.6
SRR8517588.97715	SWLF01000117.1	42.308	26	15	0	147	70	3131744	3131821	9.56e-33	27.6
SRR8517588.97715	SWLF01000117.1	100.000	10	0	0	508	479	3131212	3131241	9.56e-33	22.6
SRR8517588.97715	SWLF01000117.1	51.515	66	32	0	246	443	3131561	3131364	5.27e-29	80.3
SRR8517588.97715	SWLF01000117.1	65.455	55	19	0	585	749	3131135	3130971	5.27e-29	76.2
SRR8517588.97715	SWLF01000117.1	60.000	25	10	0	129	203	3131678	3131604	5.27e-29	39.1
SRR8517588.97715	SWLF01000117.1	60.784	51	20	0	299	451	3131508	3131356	2.47e-14	66.6
SRR8517588.97715	SWLF01000117.1	81.250	16	3	0	146	193	3131661	3131614	2.47e-14	31.3
SRR8517588.97715	SWLF01000117.1	69.231	26	8	0	361	284	3131446	3131523	1.02e-10	53.3
SRR8517588.97715	SWLF01000117.1	81.250	16	3	0	192	145	3131615	3131662	1.02e-10	32.2
SRR8517588.97715	SWLF01000019.1	72.381	105	29	0	136	450	7520420	7520734	1.25e-113	204
SRR8517588.97715	SWLF01000019.1	75.248	101	25	0	448	750	7520811	7521113	1.25e-113	201
SRR8517588.97715	SWLF01000019.1	71.429	21	6	0	76	138	7520275	7520337	1.25e-113	44.1
SRR8517588.97715	SWLF01000019.1	66.337	101	34	0	749	447	7521112	7520810	1.73e-78	157
SRR8517588.97715	SWLF01000019.1	62.857	105	39	0	449	135	7520733	7520419	1.73e-78	143
SRR8517588.97715	SWLF01000019.1	61.905	21	8	0	137	75	7520336	7520274	1.73e-78	30.9
SRR8517588.97715	SWLF01000019.1	54.444	90	41	0	141	410	7520425	7520694	2.97e-31	88.6
SRR8517588.97715	SWLF01000019.1	64.286	56	20	0	585	752	7520948	7521115	2.97e-31	82.2
SRR8517588.97715	SWLF01000019.1	59.574	47	19	0	408	268	7520692	7520552	1.92e-16	67.0
SRR8517588.97715	SWLF01000019.1	74.074	27	7	0	663	583	7521026	7520946	1.92e-16	49.6
SRR8517588.97715	SWLF01000019.1	44.118	34	19	0	155	54	2232	2131	1.92e-16	35.4
SRR8517588.97715	SWLF01000019.1	64.103	39	14	0	293	409	7520577	7520693	2.18e-09	53.3
SRR8517588.97715	SWLF01000019.1	70.370	27	8	0	584	664	7520947	7521027	2.18e-09	42.3
SRR8517588.97715	SWLF01000019.1	38.095	42	26	0	55	180	1492	1617	2.18e-09	31.8
SRR8517588.97715	SWLF01000019.1	65.517	29	10	0	367	281	7520651	7520565	2.54e-08	53.3
SRR8517588.97715	SWLF01000019.1	50.000	18	9	0	192	139	7520476	7520423	2.54e-08	24.0
SRR8517588.97715	SWLF01000018.1	72.277	101	28	0	448	750	5907908	5908210	5.13e-112	183
SRR8517588.97715	SWLF01000018.1	76.364	55	13	0	286	450	5907660	5907824	5.13e-112	114
SRR8517588.97715	SWLF01000018.1	74.074	54	14	0	127	288	5907495	5907656	5.13e-112	111
SRR8517588.97715	SWLF01000018.1	79.167	24	5	0	73	144	5907312	5907383	5.13e-112	53.3
SRR8517588.97715	SWLF01000018.1	55.102	98	44	0	740	447	5908200	5907907	3.82e-64	101
SRR8517588.97715	SWLF01000018.1	70.000	50	15	0	275	126	5907643	5907494	3.82e-64	79.9
SRR8517588.97715	SWLF01000018.1	66.667	51	17	0	437	285	5907811	5907659	3.82e-64	76.2
SRR8517588.97715	SWLF01000018.1	72.727	22	6	0	137	72	5907376	5907311	3.82e-64	44.6
SRR8517588.97715	SWLF01000018.1	56.863	51	22	0	299	451	5907673	5907825	2.43e-15	56.5
SRR8517588.97715	SWLF01000018.1	54.167	48	22	0	597	740	5908057	5908200	2.43e-15	52.4
SRR8517588.97715	SWLF01000018.1	57.778	45	19	0	141	275	5907509	5907643	2.43e-15	39.6
SRR8517588.97715	SWLF01000018.1	54.237	59	27	0	450	274	5907824	5907648	1.38e-12	64.3
SRR8517588.97715	SWLF01000018.1	61.111	18	7	0	192	139	5907560	5907507	1.38e-12	27.6
SRR8517588.97715	SWLF01000018.1	47.059	51	27	0	285	437	5907659	5907811	9.71e-07	49.2
SRR8517588.97715	SWLF01000018.1	61.111	18	7	0	140	193	5907508	5907561	9.71e-07	22.6
SRR8517588.97715	SWLF01000018.1	53.333	30	14	0	376	287	5907750	5907661	4.39e-06	44.6
SRR8517588.97715	SWLF01000018.1	50.000	16	8	0	202	155	5907570	5907523	4.39e-06	24.9
SRR8517588.97715	SWLF01000030.1	68.627	102	32	0	445	750	3207060	3206755	1.20e-101	179
SRR8517588.97715	SWLF01000030.1	76.364	55	13	0	286	450	3207291	3207127	1.20e-101	115
SRR8517588.97715	SWLF01000030.1	61.111	54	21	0	127	288	3207456	3207295	1.20e-101	96.8
SRR8517588.97715	SWLF01000030.1	61.905	21	8	0	76	138	3207599	3207537	1.20e-101	36.8
SRR8517588.97715	SWLF01000030.1	58.163	98	41	0	740	447	3206765	3207058	1.04e-64	128
SRR8517588.97715	SWLF01000030.1	75.000	48	12	0	437	294	3207140	3207283	1.04e-64	83.1
SRR8517588.97715	SWLF01000030.1	59.649	57	23	0	284	114	3207299	3207469	1.04e-64	73.9
SRR8517588.97715	SWLF01000030.1	64.583	48	17	0	594	737	3206911	3206768	3.95e-18	70.7
SRR8517588.97715	SWLF01000030.1	60.000	40	16	0	300	419	3207277	3207158	3.95e-18	54.7
SRR8517588.97715	SWLF01000030.1	55.000	20	9	0	141	200	3207442	3207383	3.95e-18	30.4
SRR8517588.97715	SWLF01000030.1	49.091	55	28	0	450	286	3207127	3207291	5.97e-08	54.7
SRR8517588.97715	SWLF01000030.1	55.556	27	12	0	663	583	3206842	3206922	5.97e-08	35.9
SRR8517588.97715	SWLF01000027.1	68.868	106	33	0	433	750	7216521	7216204	1.26e-97	180
SRR8517588.97715	SWLF01000027.1	78.182	55	12	0	286	450	7217129	7216965	1.26e-97	117
SRR8517588.97715	SWLF01000027.1	76.471	51	12	0	136	288	7217285	7217133	1.26e-97	108
SRR8517588.97715	SWLF01000027.1	81.818	22	4	0	73	138	7217471	7217406	1.26e-97	52.4
SRR8517588.97715	SWLF01000027.1	52.427	103	49	0	740	432	7216214	7216522	7.51e-53	103
SRR8517588.97715	SWLF01000027.1	72.000	50	14	0	284	135	7217137	7217286	7.51e-53	86.3
SRR8517588.97715	SWLF01000027.1	68.627	51	16	0	437	285	7216978	7217130	7.51e-53	76.7
SRR8517588.97715	SWLF01000027.1	63.636	22	8	0	137	72	7217407	7217472	7.51e-53	41.4
SRR8517588.97715	SWLF01000027.1	58.000	50	21	0	302	451	7217113	7216964	4.08e-13	56.5
SRR8517588.97715	SWLF01000027.1	50.000	22	11	0	138	203	7217283	7217218	4.08e-13	31.8
SRR8517588.97715	SWLF01000027.1	72.727	11	3	0	246	278	7217175	7217143	4.08e-13	22.1
SRR8517588.97715	SWLF01000027.1	55.932	59	26	0	450	274	7216965	7217141	3.47e-12	66.1
SRR8517588.97715	SWLF01000027.1	61.538	13	5	0	202	164	7217219	7217257	3.47e-12	24.4
SRR8517588.97715	SWLF01000075.1	66.667	81	27	0	337	579	5362443	5362201	3.86e-83	139
SRR8517588.97715	SWLF01000075.1	64.286	70	25	0	139	348	5362638	5362429	3.86e-83	122
SRR8517588.97715	SWLF01000075.1	75.000	40	10	0	634	753	5362131	5362012	3.86e-83	72.5
SRR8517588.97715	SWLF01000075.1	52.632	19	9	0	64	120	5362814	5362758	3.86e-83	31.8
SRR8517588.97715	SWLF01000075.1	62.821	78	29	0	569	336	5362211	5362444	3.44e-34	106
SRR8517588.97715	SWLF01000075.1	65.789	38	13	0	752	639	5362013	5362126	3.44e-34	47.8
SRR8517588.97715	SWLF01000075.1	70.588	17	5	0	318	268	5362459	5362509	3.44e-34	28.1
SRR8517588.97715	SWLF01000075.1	57.692	78	33	0	371	138	5362406	5362639	4.74e-19	91.3
SRR8517588.97715	SWLF01000075.1	60.000	15	6	0	119	75	5362759	5362803	4.74e-19	22.6
SRR8517588.97715	SWLF01000075.1	66.667	48	16	0	477	334	5362303	5362446	3.43e-11	68.9
SRR8517588.97715	SWLF01000075.1	55.102	49	22	0	336	482	5362444	5362298	9.63e-08	57.4
SRR8517588.97715	SWLF01000075.1	66.667	42	14	0	335	460	5362445	5362320	1.82e-07	56.5
SRR8517588.97715	SWLF01000075.1	51.316	76	37	0	144	371	5362633	5362406	6.47e-07	54.7
SRR8517588.97715	SWLF01000100.1	58.824	102	42	0	445	750	2837380	2837685	8.66e-71	151
SRR8517588.97715	SWLF01000100.1	56.364	55	24	0	286	450	2837135	2837299	8.66e-71	87.7
SRR8517588.97715	SWLF01000100.1	51.429	35	17	0	184	288	2837027	2837131	8.66e-71	50.1
SRR8517588.97715	SWLF01000100.1	52.632	19	9	0	136	192	2836982	2837038	8.66e-71	28.1
SRR8517588.97715	SWLF01000100.1	39.286	28	17	0	55	138	2836795	2836878	8.66e-71	25.4
SRR8517588.97715	SWLF01000100.1	47.222	108	57	0	749	426	2837684	2837361	2.39e-36	98.2
SRR8517588.97715	SWLF01000100.1	52.727	55	26	0	435	271	2837284	2837120	2.39e-36	60.6
SRR8517588.97715	SWLF01000100.1	51.515	33	16	0	284	186	2837127	2837029	2.39e-36	31.3
SRR8517588.97715	SWLF01000100.1	58.491	53	22	0	591	749	2837526	2837684	4.23e-15	64.8
SRR8517588.97715	SWLF01000100.1	49.020	51	26	0	299	451	2837148	2837300	4.23e-15	51.0
SRR8517588.97715	SWLF01000100.1	49.091	55	28	0	449	285	2837298	2837134	2.79e-08	50.6
SRR8517588.97715	SWLF01000100.1	66.667	27	9	0	663	583	2837598	2837518	2.79e-08	41.8
SRR8517588.97715	SWLF01000119.1	61.386	101	39	0	448	750	3307128	3307430	2.60e-63	161
SRR8517588.97715	SWLF01000119.1	50.000	52	26	0	139	294	3306659	3306814	2.60e-63	75.8
SRR8517588.97715	SWLF01000119.1	52.727	55	26	0	286	450	3306809	3306973	2.60e-63	73.5
SRR8517588.97715	SWLF01000119.1	46.875	32	17	0	55	150	436029	436124	2.60e-63	33.1
SRR8517588.97715	SWLF01000119.1	53.191	94	44	0	749	468	3307429	3307148	8.68e-29	105
SRR8517588.97715	SWLF01000119.1	44.000	50	28	0	434	285	3306957	3306808	8.68e-29	44.6
SRR8517588.97715	SWLF01000119.1	46.939	49	26	0	284	138	3306804	3306658	8.68e-29	42.8
SRR8517588.97715	SWLF01000119.1	42.857	35	20	0	155	51	717573	717469	8.68e-29	33.1
SRR8517588.97715	SWLF01000119.1	58.696	46	19	0	597	734	3307277	3307414	2.81e-10	60.6
SRR8517588.97715	SWLF01000119.1	40.816	49	29	0	305	451	3306828	3306974	2.81e-10	35.4
SRR8517588.97715	SWLF01000119.1	32.143	56	38	0	55	222	717473	717640	2.81e-10	35.0
SRR8517588.97715	SWLF01000119.1	35.556	45	29	0	193	327	2488179	2488045	4.26e-09	46.4
SRR8517588.97715	SWLF01000119.1	88.889	9	1	0	136	162	2488239	2488213	4.26e-09	25.4
SRR8517588.97715	SWLF01000119.1	45.455	22	12	0	346	411	2488053	2487988	4.26e-09	24.4
SRR8517588.97715	SWLF01000047.1	54.839	124	56	0	364	735	4836364	4835993	3.69e-56	164
SRR8517588.97715	SWLF01000047.1	67.442	43	14	0	136	264	4836716	4836588	3.69e-56	82.2
SRR8517588.97715	SWLF01000047.1	66.667	21	7	0	82	144	4836855	4836793	3.69e-56	40.5
SRR8517588.97715	SWLF01000047.1	55.789	95	42	0	731	447	4835997	4836281	1.38e-42	101
SRR8517588.97715	SWLF01000047.1	63.636	55	20	0	434	270	4836409	4836573	1.38e-42	78.5
SRR8517588.97715	SWLF01000047.1	61.364	44	17	0	263	132	4836589	4836720	1.38e-42	61.1
SRR8517588.97715	SWLF01000047.1	70.909	55	16	0	286	450	4836557	4836393	1.29e-27	103
SRR8517588.97715	SWLF01000047.1	54.902	51	23	0	585	737	4836143	4835991	1.29e-27	53.8
SRR8517588.97715	SWLF01000047.1	52.381	21	10	0	246	308	6103752	6103690	1.29e-27	33.1
SRR8517588.97715	SWLF01000047.1	58.824	51	21	0	438	286	4836405	4836557	1.58e-10	59.3
SRR8517588.97715	SWLF01000047.1	62.963	27	10	0	663	583	4836065	4836145	1.58e-10	38.2
SRR8517588.97715	SWLF01000047.1	44.118	34	19	0	173	72	7494993	7495094	1.58e-10	34.1
SRR8517588.97715	SWLF01000047.1	56.863	51	22	0	299	451	4836544	4836392	3.17e-10	65.7
SRR8517588.97715	SWLF01000047.1	64.516	31	11	0	376	284	4836467	4836559	3.71e-08	58.8
