Spipo12G0039500	SWLF01000100.1	99.083	109	1	0	160	486	2836979	2837305	2.98e-125	246
Spipo12G0039500	SWLF01000100.1	99.029	103	1	0	477	785	2837382	2837690	2.98e-125	166
Spipo12G0039500	SWLF01000100.1	100.000	53	0	0	2	160	2836718	2836876	2.98e-125	76.2
Spipo12G0039500	SWLF01000100.1	84.615	130	20	0	397	786	2837302	2837691	4.80e-95	261
Spipo12G0039500	SWLF01000100.1	100.000	43	0	0	3	131	2836719	2836847	4.80e-95	104
Spipo12G0039500	SWLF01000100.1	95.238	21	1	0	158	220	2836977	2837039	4.80e-95	47.8
Spipo12G0039500	SWLF01000100.1	100.000	15	0	0	266	310	2837085	2837129	4.80e-95	35.9
Spipo12G0039500	SWLF01000100.1	96.296	81	3	0	494	252	2837313	2837071	1.77e-84	183
Spipo12G0039500	SWLF01000100.1	98.039	51	1	0	627	475	2837532	2837380	1.77e-84	130
Spipo12G0039500	SWLF01000100.1	100.000	11	0	0	747	715	2837652	2837620	1.77e-84	28.6
Spipo12G0039500	SWLF01000100.1	100.000	11	0	0	190	158	2837009	2836977	1.77e-84	27.6
Spipo12G0039500	SWLF01000100.1	86.290	124	17	0	785	414	2837690	2837319	4.61e-77	220
Spipo12G0039500	SWLF01000100.1	94.340	53	3	0	309	151	2837128	2836970	4.61e-77	80.8
Spipo12G0039500	SWLF01000100.1	100.000	32	0	0	97	2	2836813	2836718	4.61e-77	55.6
Spipo12G0039500	SWLF01000100.1	100.000	26	0	0	477	400	2837296	2837219	1.03e-13	60.2
Spipo12G0039500	SWLF01000100.1	100.000	36	0	0	110	3	2836826	2836719	1.03e-13	51.0
Spipo12G0039500	SWLF01000100.1	100.000	35	0	0	186	290	2837005	2837109	3.15e-06	43.7
Spipo12G0039500	SWLF01000100.1	100.000	14	0	0	1	42	2836717	2836758	3.15e-06	39.1
Spipo12G0039500	SWLF01000100.1	100.000	12	0	0	530	565	2837435	2837470	3.15e-06	32.7
Spipo12G0039500	SWLF01000018.1	60.396	101	40	0	478	780	5907908	5908210	5.23e-70	153
Spipo12G0039500	SWLF01000018.1	55.422	83	37	0	232	480	5907576	5907824	5.23e-70	127
Spipo12G0039500	SWLF01000018.1	88.889	9	1	0	163	189	5907504	5907530	5.23e-70	23.5
Spipo12G0039500	SWLF01000018.1	60.345	58	23	0	773	600	5908203	5908030	3.16e-33	81.3
Spipo12G0039500	SWLF01000018.1	50.000	76	38	0	479	252	5907823	5907596	3.16e-33	70.7
Spipo12G0039500	SWLF01000018.1	68.750	16	5	0	524	477	5907954	5907907	3.16e-33	27.6
Spipo12G0039500	SWLF01000117.1	62.136	103	39	0	478	786	3131272	3130964	1.65e-67	159
Spipo12G0039500	SWLF01000117.1	56.364	55	24	0	316	480	3131521	3131357	1.65e-67	85.4
Spipo12G0039500	SWLF01000117.1	55.556	27	12	0	232	312	3131599	3131519	1.65e-67	45.1
Spipo12G0039500	SWLF01000117.1	88.889	9	1	0	163	189	3131671	3131645	1.65e-67	23.5
Spipo12G0039500	SWLF01000117.1	54.098	61	28	0	782	600	3130968	3131150	5.42e-18	75.3
Spipo12G0039500	SWLF01000117.1	54.000	50	23	0	464	315	3131373	3131522	5.42e-18	51.0
Spipo12G0039500	SWLF01000030.1	53.922	102	47	0	475	780	3207060	3206755	7.04e-65	140
Spipo12G0039500	SWLF01000030.1	53.012	83	39	0	232	480	3207375	3207127	7.04e-65	127
Spipo12G0039500	SWLF01000030.1	50.877	57	28	0	773	603	3206762	3206932	6.52e-29	63.4
Spipo12G0039500	SWLF01000030.1	47.222	72	38	0	467	252	3207140	3207355	6.52e-29	58.3
Spipo12G0039500	SWLF01000030.1	41.667	48	28	0	624	481	3206911	3207054	6.52e-29	43.2
Spipo12G0039500	SWLF01000027.1	55.046	109	49	0	454	780	7216530	7216204	5.15e-64	152
Spipo12G0039500	SWLF01000027.1	55.422	83	37	0	232	480	7217213	7216965	5.15e-64	127
Spipo12G0039500	SWLF01000027.1	47.222	72	38	0	467	252	7216978	7217193	6.35e-15	60.6
Spipo12G0039500	SWLF01000027.1	50.000	56	28	0	773	606	7216211	7216378	6.35e-15	54.7
Spipo12G0039500	SWLF01000027.1	34.146	41	27	0	624	502	7216360	7216482	6.35e-15	31.8
Spipo12G0039500	SWLF01000019.1	58.416	101	42	0	478	780	7520811	7521113	1.42e-58	143
Spipo12G0039500	SWLF01000019.1	56.364	55	24	0	316	480	7520570	7520734	1.42e-58	78.0
Spipo12G0039500	SWLF01000019.1	39.394	33	20	0	232	330	7520492	7520590	1.42e-58	38.6
Spipo12G0039500	SWLF01000019.1	88.889	9	1	0	163	189	7520420	7520446	1.42e-58	23.5
Spipo12G0039500	SWLF01000019.1	54.237	59	27	0	779	603	7521112	7520936	6.74e-25	72.5
Spipo12G0039500	SWLF01000019.1	47.273	55	29	0	479	315	7520733	7520569	6.74e-25	40.9
Spipo12G0039500	SWLF01000019.1	35.556	45	29	0	624	490	7520957	7520823	6.74e-25	37.7
Spipo12G0039500	SWLF01000023.1	61.386	101	39	0	478	780	3052187	3052489	8.99e-54	151
Spipo12G0039500	SWLF01000023.1	56.364	55	24	0	316	480	3051833	3051997	8.99e-54	82.2
Spipo12G0039500	SWLF01000023.1	55.556	27	12	0	232	312	3051755	3051835	8.99e-54	46.4
Spipo12G0039500	SWLF01000023.1	58.416	101	42	0	478	780	2372674	2372372	1.23e-53	149
Spipo12G0039500	SWLF01000023.1	58.416	101	42	0	478	780	2347075	2346773	1.23e-53	149
Spipo12G0039500	SWLF01000023.1	56.140	57	25	0	316	486	2373032	2372862	1.23e-53	88.6
Spipo12G0039500	SWLF01000023.1	56.140	57	25	0	316	486	2347433	2347263	1.23e-53	88.6
Spipo12G0039500	SWLF01000023.1	51.852	27	13	0	232	312	2373110	2373030	1.23e-53	42.3
Spipo12G0039500	SWLF01000023.1	51.852	27	13	0	232	312	2347511	2347431	1.23e-53	42.3
Spipo12G0039500	SWLF01000023.1	58.333	60	25	0	779	600	3052488	3052309	2.89e-21	78.5
Spipo12G0039500	SWLF01000023.1	52.727	55	26	0	479	315	3051996	3051832	2.89e-21	51.9
Spipo12G0039500	SWLF01000023.1	43.902	41	23	0	624	502	3052333	3052211	2.89e-21	39.6
Spipo12G0039500	SWLF01000023.1	52.632	57	27	0	779	609	2346774	2346944	2.14e-14	62.9
Spipo12G0039500	SWLF01000023.1	52.632	57	27	0	779	609	2372373	2372543	2.14e-14	62.9
Spipo12G0039500	SWLF01000023.1	49.123	57	29	0	485	315	2347264	2347434	2.14e-14	51.5
Spipo12G0039500	SWLF01000023.1	49.123	57	29	0	485	315	2372863	2373033	2.14e-14	51.5
Spipo12G0039500	SWLF01000119.1	67.327	101	33	0	478	780	3307128	3307430	1.63e-53	171
Spipo12G0039500	SWLF01000119.1	47.273	55	29	0	316	480	3306809	3306973	1.63e-53	66.6
Spipo12G0039500	SWLF01000119.1	44.444	27	15	0	232	312	3306728	3306808	1.63e-53	40.5
Spipo12G0039500	SWLF01000119.1	63.333	60	22	0	779	600	3307429	3307250	6.42e-19	88.1
Spipo12G0039500	SWLF01000119.1	42.308	52	30	0	470	315	3306963	3306808	6.42e-19	41.4
Spipo12G0039500	SWLF01000075.1	41.237	97	57	0	313	603	5362497	5362207	2.82e-42	98.7
Spipo12G0039500	SWLF01000075.1	64.103	39	14	0	664	780	5362131	5362015	2.82e-42	62.0
Spipo12G0039500	SWLF01000075.1	51.515	33	16	0	232	330	5362569	5362471	2.82e-42	49.6
Spipo12G0039500	SWLF01000047.1	43.200	125	71	0	391	765	4836367	4835993	6.30e-30	131
Spipo12G0039500	SWLF01000047.1	50.909	55	27	0	316	480	4836557	4836393	2.70e-19	79.0
Spipo12G0039500	SWLF01000047.1	50.000	16	8	0	232	279	4836644	4836597	2.70e-19	29.5
Spipo12G0039500	SWLF01000047.1	88.889	9	1	0	163	189	4836716	4836690	2.70e-19	23.5
Spipo12G0039500	SWLF01000047.1	48.148	54	28	0	761	600	4835997	4836158	4.78e-11	55.1
Spipo12G0039500	SWLF01000047.1	48.000	50	26	0	464	315	4836409	4836558	4.78e-11	47.3
