Spipo20G0037100	SWLF01000019.1	100.000	104	0	0	451	762	7520811	7521122	1.23e-143	253
Spipo20G0037100	SWLF01000019.1	100.000	100	0	0	154	453	7520435	7520734	1.23e-143	218
Spipo20G0037100	SWLF01000019.1	100.000	46	0	0	2	139	7520198	7520335	1.23e-143	77.6
Spipo20G0037100	SWLF01000019.1	100.000	97	0	0	443	153	7520724	7520434	1.49e-135	235
Spipo20G0037100	SWLF01000019.1	100.000	93	0	0	761	483	7521121	7520843	1.49e-135	232
Spipo20G0037100	SWLF01000019.1	100.000	32	0	0	98	3	7520294	7520199	1.49e-135	85.8
Spipo20G0037100	SWLF01000019.1	100.000	14	0	0	493	452	7520853	7520812	1.49e-135	32.7
Spipo20G0037100	SWLF01000019.1	100.000	37	0	0	1	111	7520197	7520307	1.31e-78	91.3
Spipo20G0037100	SWLF01000019.1	100.000	29	0	0	588	674	7520948	7521034	1.31e-78	76.7
Spipo20G0037100	SWLF01000019.1	100.000	25	0	0	140	214	7520421	7520495	1.31e-78	62.9
Spipo20G0037100	SWLF01000019.1	95.455	22	1	0	450	515	7520810	7520875	1.31e-78	54.7
Spipo20G0037100	SWLF01000019.1	100.000	16	0	0	266	313	7520547	7520594	1.31e-78	46.9
Spipo20G0037100	SWLF01000019.1	100.000	15	0	0	408	452	7520689	7520733	1.31e-78	46.9
Spipo20G0037100	SWLF01000019.1	100.000	10	0	0	732	761	7521092	7521121	1.31e-78	24.9
Spipo20G0037100	SWLF01000019.1	100.000	59	0	0	315	139	7520596	7520420	3.11e-77	145
Spipo20G0037100	SWLF01000019.1	96.154	52	2	0	600	445	7520960	7520805	3.11e-77	127
Spipo20G0037100	SWLF01000019.1	100.000	29	0	0	87	1	7520283	7520197	3.11e-77	71.2
Spipo20G0037100	SWLF01000019.1	81.818	22	4	0	468	403	7520749	7520684	3.11e-77	46.2
Spipo20G0037100	SWLF01000019.1	100.000	56	0	0	165	332	7520446	7520613	1.30e-47	144
Spipo20G0037100	SWLF01000019.1	100.000	30	0	0	3	92	7520199	7520288	1.30e-47	82.6
Spipo20G0037100	SWLF01000019.1	100.000	11	0	0	452	484	7520812	7520844	1.30e-47	31.3
Spipo20G0037100	SWLF01000019.1	100.000	28	0	0	85	2	7520281	7520198	8.33e-25	71.2
Spipo20G0037100	SWLF01000019.1	100.000	22	0	0	343	278	7520624	7520559	8.33e-25	70.3
Spipo20G0037100	SWLF01000019.1	72.222	18	5	0	469	416	7520750	7520697	8.33e-25	39.6
Spipo20G0037100	SWLF01000117.1	81.188	101	19	0	451	753	3131272	3130970	2.21e-98	212
Spipo20G0037100	SWLF01000117.1	73.529	102	27	0	154	459	3131656	3131351	2.21e-98	167
Spipo20G0037100	SWLF01000117.1	74.444	90	23	0	752	483	3130971	3131240	1.29e-69	159
Spipo20G0037100	SWLF01000117.1	68.421	95	30	0	437	153	3131373	3131657	1.29e-69	139
Spipo20G0037100	SWLF01000117.1	45.763	59	32	0	315	139	3131495	3131671	7.17e-17	61.7
Spipo20G0037100	SWLF01000117.1	60.465	43	17	0	597	469	3131126	3131254	7.17e-17	60.7
Spipo20G0037100	SWLF01000117.1	50.000	54	27	0	165	326	3131645	3131484	7.15e-15	61.1
Spipo20G0037100	SWLF01000117.1	62.069	29	11	0	588	674	3131135	3131049	7.15e-15	45.5
Spipo20G0037100	SWLF01000117.1	66.667	24	8	0	444	515	3131279	3131208	7.15e-15	40.5
Spipo20G0037100	SWLF01000023.1	75.248	101	25	0	451	753	2372674	2372372	2.03e-89	201
Spipo20G0037100	SWLF01000023.1	75.248	101	25	0	451	753	2347075	2346773	2.03e-89	201
Spipo20G0037100	SWLF01000023.1	71.000	100	29	0	154	453	2373167	2372868	2.03e-89	164
Spipo20G0037100	SWLF01000023.1	71.000	100	29	0	154	453	2347568	2347269	2.03e-89	164
Spipo20G0037100	SWLF01000023.1	76.238	101	24	0	451	753	3052187	3052489	1.13e-86	196
Spipo20G0037100	SWLF01000023.1	70.588	102	30	0	154	459	3051698	3052003	1.13e-86	160
Spipo20G0037100	SWLF01000023.1	69.231	91	28	0	755	483	3052491	3052219	1.52e-65	143
Spipo20G0037100	SWLF01000023.1	68.041	97	31	0	443	153	3051987	3051697	1.52e-65	142
Spipo20G0037100	SWLF01000023.1	67.778	90	29	0	752	483	2346774	2347043	2.96e-62	144
Spipo20G0037100	SWLF01000023.1	67.778	90	29	0	752	483	2372373	2372642	2.96e-62	144
Spipo20G0037100	SWLF01000023.1	62.500	96	36	0	440	153	2347282	2347569	2.96e-62	131
Spipo20G0037100	SWLF01000023.1	62.500	96	36	0	440	153	2372881	2373168	2.96e-62	131
Spipo20G0037100	SWLF01000023.1	61.017	59	23	0	315	139	3051859	3051683	2.58e-24	88.5
Spipo20G0037100	SWLF01000023.1	52.941	51	24	0	600	448	3052336	3052184	2.58e-24	59.4
Spipo20G0037100	SWLF01000023.1	64.815	54	19	0	165	326	3051709	3051870	1.60e-18	83.1
Spipo20G0037100	SWLF01000023.1	58.621	29	12	0	588	674	3052324	3052410	1.60e-18	42.8
Spipo20G0037100	SWLF01000023.1	73.684	19	5	0	459	515	3052195	3052251	1.60e-18	34.5
Spipo20G0037100	SWLF01000023.1	50.820	61	30	0	315	133	2347407	2347589	2.96e-18	67.6
Spipo20G0037100	SWLF01000023.1	50.820	61	30	0	315	133	2373006	2373188	2.96e-18	67.6
Spipo20G0037100	SWLF01000023.1	57.143	49	21	0	597	451	2346929	2347075	2.96e-18	59.8
Spipo20G0037100	SWLF01000023.1	57.143	49	21	0	597	451	2372528	2372674	2.96e-18	59.8
Spipo20G0037100	SWLF01000023.1	55.556	54	24	0	165	326	2373156	2372995	7.35e-18	69.3
Spipo20G0037100	SWLF01000023.1	55.556	54	24	0	165	326	2347557	2347396	7.35e-18	69.3
Spipo20G0037100	SWLF01000023.1	65.517	29	10	0	588	674	2372537	2372451	7.35e-18	46.4
Spipo20G0037100	SWLF01000023.1	65.517	29	10	0	588	674	2346938	2346852	7.35e-18	46.4
Spipo20G0037100	SWLF01000023.1	84.211	19	3	0	459	515	2372666	2372610	7.35e-18	42.3
Spipo20G0037100	SWLF01000023.1	84.211	19	3	0	459	515	2347067	2347011	7.35e-18	42.3
Spipo20G0037100	SWLF01000023.1	64.000	25	9	0	140	214	3051684	3051758	2.37e-12	38.6
Spipo20G0037100	SWLF01000023.1	85.714	14	2	0	269	310	3051813	3051854	2.37e-12	35.0
Spipo20G0037100	SWLF01000023.1	72.727	11	3	0	79	111	3051538	3051570	2.37e-12	25.4
Spipo20G0037100	SWLF01000023.1	64.706	17	6	0	408	458	3051952	3052002	2.37e-12	24.9
Spipo20G0037100	SWLF01000023.1	72.727	22	6	0	343	278	3051887	3051822	1.02e-08	51.0
Spipo20G0037100	SWLF01000023.1	66.667	12	4	0	457	422	3052001	3051966	1.02e-08	27.6
Spipo20G0037100	SWLF01000018.1	64.706	102	36	0	451	756	5907908	5908213	4.06e-77	167
Spipo20G0037100	SWLF01000018.1	59.615	52	21	0	154	309	5907519	5907674	4.06e-77	87.2
Spipo20G0037100	SWLF01000018.1	67.857	56	18	0	289	456	5907660	5907827	4.06e-77	72.5
Spipo20G0037100	SWLF01000018.1	56.322	87	38	0	743	483	5908200	5907940	1.72e-38	99.1
Spipo20G0037100	SWLF01000018.1	59.615	52	21	0	443	288	5907814	5907659	1.72e-38	67.5
Spipo20G0037100	SWLF01000018.1	61.905	42	16	0	278	153	5907643	5907518	1.72e-38	61.1
Spipo20G0037100	SWLF01000018.1	49.153	59	30	0	309	133	5907674	5907498	1.07e-11	58.5
Spipo20G0037100	SWLF01000018.1	49.020	51	26	0	600	448	5908057	5907905	1.07e-11	46.2
Spipo20G0037100	SWLF01000018.1	57.895	38	16	0	165	278	5907530	5907643	4.95e-06	49.6
Spipo20G0037100	SWLF01000018.1	45.455	33	18	0	13	111	5907249	5907347	4.95e-06	35.4
Spipo20G0037100	SWLF01000030.1	63.725	102	37	0	448	753	3207060	3206755	2.71e-73	162
Spipo20G0037100	SWLF01000030.1	57.143	49	21	0	154	300	3207432	3207286	2.71e-73	80.3
Spipo20G0037100	SWLF01000030.1	80.000	35	7	0	349	453	3207231	3207127	2.71e-73	71.6
Spipo20G0037100	SWLF01000030.1	58.621	87	36	0	743	483	3206765	3207025	2.00e-50	115
Spipo20G0037100	SWLF01000030.1	61.538	52	20	0	443	288	3207137	3207292	2.00e-50	69.3
Spipo20G0037100	SWLF01000030.1	55.000	40	18	0	287	168	3207299	3207418	2.00e-50	52.8
Spipo20G0037100	SWLF01000030.1	50.000	50	25	0	597	448	3206911	3207060	6.59e-10	56.2
Spipo20G0037100	SWLF01000030.1	47.059	51	27	0	294	142	3207292	3207444	6.59e-10	41.2
Spipo20G0037100	SWLF01000027.1	61.468	109	42	0	436	762	7216521	7216195	5.34e-68	166
Spipo20G0037100	SWLF01000027.1	61.538	52	20	0	154	309	7217270	7217115	5.34e-68	88.6
Spipo20G0037100	SWLF01000027.1	67.857	56	18	0	289	456	7217129	7216962	5.34e-68	72.5
Spipo20G0037100	SWLF01000027.1	52.874	87	41	0	743	483	7216214	7216474	2.74e-35	89.5
Spipo20G0037100	SWLF01000027.1	62.222	45	17	0	287	153	7217137	7217271	2.74e-35	66.6
Spipo20G0037100	SWLF01000027.1	57.692	52	22	0	443	288	7216975	7217130	2.74e-35	60.6
Spipo20G0037100	SWLF01000027.1	61.905	42	16	0	600	475	7216357	7216482	1.02e-15	60.7
Spipo20G0037100	SWLF01000027.1	50.980	51	25	0	294	142	7217130	7217282	1.02e-15	57.6
Spipo20G0037100	SWLF01000027.1	58.974	39	16	0	165	281	7217259	7217143	8.71e-08	51.9
Spipo20G0037100	SWLF01000027.1	69.231	13	4	0	288	326	7217130	7217092	8.71e-08	23.5
Spipo20G0037100	SWLF01000075.1	65.333	75	26	0	349	573	5362434	5362210	2.61e-58	121
Spipo20G0037100	SWLF01000075.1	57.692	52	22	0	154	309	5362626	5362471	2.61e-58	85.4
Spipo20G0037100	SWLF01000075.1	63.889	36	13	0	646	753	5362122	5362015	2.61e-58	57.4
Spipo20G0037100	SWLF01000075.1	55.000	80	36	0	575	336	5362208	5362447	1.29e-36	81.3
Spipo20G0037100	SWLF01000075.1	51.515	66	32	0	350	153	5362430	5362627	1.29e-36	68.9
Spipo20G0037100	SWLF01000075.1	57.143	35	15	0	752	648	5362016	5362120	1.29e-36	40.9
Spipo20G0037100	SWLF01000100.1	58.824	102	42	0	448	753	2837380	2837685	4.29e-54	145
Spipo20G0037100	SWLF01000100.1	56.364	55	24	0	289	453	2837135	2837299	4.29e-54	58.8
Spipo20G0037100	SWLF01000100.1	40.476	42	25	0	184	309	2837024	2837149	4.29e-54	46.0
Spipo20G0037100	SWLF01000100.1	55.556	90	40	0	752	483	2837684	2837415	2.00e-24	106
Spipo20G0037100	SWLF01000100.1	47.059	51	27	0	440	288	2837286	2837134	2.00e-24	40.5
Spipo20G0037100	SWLF01000119.1	62.376	101	38	0	451	753	3307128	3307430	1.78e-52	159
Spipo20G0037100	SWLF01000119.1	52.083	48	23	0	154	297	3306671	3306814	1.78e-52	67.5
Spipo20G0037100	SWLF01000119.1	45.946	37	20	0	346	456	3306866	3306976	1.78e-52	48.7
Spipo20G0037100	SWLF01000119.1	56.989	93	40	0	761	483	3307438	3307160	4.55e-34	124
Spipo20G0037100	SWLF01000119.1	51.111	45	22	0	287	153	3306804	3306670	4.55e-34	45.1
Spipo20G0037100	SWLF01000119.1	42.000	50	29	0	437	288	3306957	3306808	4.55e-34	43.7
Spipo20G0037100	SWLF01000047.1	51.613	124	60	0	367	738	4836364	4835993	9.84e-42	149
Spipo20G0037100	SWLF01000047.1	48.571	35	18	0	154	258	4836701	4836597	9.84e-42	56.5
Spipo20G0037100	SWLF01000047.1	54.545	55	25	0	437	273	4836409	4836573	1.02e-19	58.8
Spipo20G0037100	SWLF01000047.1	36.207	58	37	0	597	424	4836134	4836307	1.02e-19	41.6
Spipo20G0037100	SWLF01000047.1	47.500	40	21	0	258	139	4836597	4836716	1.02e-19	33.0
Spipo20G0037100	SWLF01000047.1	65.455	55	19	0	289	453	4836557	4836393	1.40e-12	66.1
Spipo20G0037100	SWLF01000047.1	66.667	18	6	0	155	208	4836700	4836647	1.40e-12	25.8
Spipo20G0037100	SWLF01000047.1	45.238	84	46	0	734	483	4835997	4836248	9.77e-12	70.7
