Spipo11G0034600	SWLF01000075.1	94.915	118	6	0	834	481	1801320	1801673	1.88e-171	270
Spipo11G0034600	SWLF01000075.1	100.000	65	0	0	196	2	1802466	1802660	1.88e-171	173
Spipo11G0034600	SWLF01000075.1	100.000	65	0	0	500	306	1801977	1802171	1.88e-171	162
Spipo11G0034600	SWLF01000075.1	100.000	38	0	0	307	194	1802257	1802370	1.88e-171	100
Spipo11G0034600	SWLF01000075.1	100.000	111	0	0	502	834	1801652	1801320	3.57e-168	270
Spipo11G0034600	SWLF01000075.1	100.000	65	0	0	1	195	1802661	1802467	3.57e-168	162
Spipo11G0034600	SWLF01000075.1	100.000	65	0	0	307	501	1802170	1801976	3.57e-168	161
Spipo11G0034600	SWLF01000075.1	97.500	40	1	0	193	312	1802371	1802252	3.57e-168	100
Spipo11G0034600	SWLF01000075.1	100.000	111	0	0	833	501	1801321	1801653	7.62e-140	240
Spipo11G0034600	SWLF01000075.1	100.000	64	0	0	498	307	1801979	1802170	7.62e-140	155
Spipo11G0034600	SWLF01000075.1	100.000	44	0	0	194	63	1802468	1802599	7.62e-140	104
Spipo11G0034600	SWLF01000075.1	100.000	39	0	0	308	192	1802256	1802372	7.62e-140	99.6
Spipo11G0034600	SWLF01000075.1	77.358	106	24	0	508	825	1792589	1792272	5.36e-119	206
Spipo11G0034600	SWLF01000075.1	100.000	64	0	0	308	499	1802169	1801978	5.36e-119	159
Spipo11G0034600	SWLF01000075.1	100.000	39	0	0	192	308	1802372	1802256	5.36e-119	95.9
Spipo11G0034600	SWLF01000075.1	100.000	25	0	0	120	194	1802542	1802468	5.36e-119	64.3
Spipo11G0034600	SWLF01000075.1	100.000	15	0	0	83	127	1802579	1802535	5.36e-119	35.9
Spipo11G0034600	SWLF01000075.1	100.000	67	0	0	633	833	1801521	1801321	5.08e-94	158
Spipo11G0034600	SWLF01000075.1	97.872	47	1	0	303	443	1802174	1802034	5.08e-94	126
Spipo11G0034600	SWLF01000075.1	100.000	38	0	0	194	307	1802370	1802257	5.08e-94	95.5
Spipo11G0034600	SWLF01000075.1	100.000	25	0	0	507	581	1801647	1801573	5.08e-94	64.8
Spipo11G0034600	SWLF01000075.1	48.780	41	21	0	16	138	4630567	4630445	5.08e-94	33.6
Spipo11G0034600	SWLF01000075.1	69.444	108	33	0	827	504	1792270	1792593	3.57e-93	145
Spipo11G0034600	SWLF01000075.1	73.134	67	18	0	506	306	1792861	1793061	3.57e-93	116
Spipo11G0034600	SWLF01000075.1	100.000	38	0	0	195	82	1802467	1802580	3.57e-93	94.1
Spipo11G0034600	SWLF01000075.1	100.000	38	0	0	306	193	1802258	1802371	3.57e-93	88.1
Spipo11G0034600	SWLF01000075.1	81.538	65	12	0	307	501	1793060	1792866	7.93e-67	134
Spipo11G0034600	SWLF01000075.1	82.051	39	7	0	193	309	1793262	1793146	7.93e-67	84.5
Spipo11G0034600	SWLF01000075.1	53.731	67	31	0	633	833	1792464	1792264	7.93e-67	68.9
Spipo11G0034600	SWLF01000075.1	76.471	34	8	0	94	195	1793457	1793356	7.93e-67	67.5
Spipo11G0034600	SWLF01000075.1	58.974	117	48	0	831	481	1792266	1792616	6.36e-65	138
Spipo11G0034600	SWLF01000075.1	57.812	64	27	0	498	307	1792869	1793060	6.36e-65	87.2
Spipo11G0034600	SWLF01000075.1	74.359	39	10	0	308	192	1793147	1793263	6.36e-65	68.4
Spipo11G0034600	SWLF01000075.1	60.465	43	17	0	194	66	1793357	1793485	6.36e-65	54.2
Spipo11G0034600	SWLF01000075.1	100.000	35	0	0	715	611	1801439	1801543	5.42e-42	91.8
Spipo11G0034600	SWLF01000075.1	100.000	46	0	0	442	305	1802035	1802172	5.42e-42	80.8
Spipo11G0034600	SWLF01000075.1	100.000	23	0	0	568	500	1801586	1801654	5.42e-42	64.8
Spipo11G0034600	SWLF01000075.1	100.000	13	0	0	832	794	1801322	1801360	5.42e-42	33.6
Spipo11G0034600	SWLF01000075.1	57.812	64	27	0	308	499	1793059	1792868	4.94e-29	74.4
Spipo11G0034600	SWLF01000075.1	85.185	27	4	0	620	700	1792477	1792397	4.94e-29	62.5
Spipo11G0034600	SWLF01000075.1	64.103	39	14	0	192	308	1793263	1793147	4.94e-29	58.8
Spipo11G0034600	SWLF01000075.1	100.000	29	0	0	614	700	1801540	1801454	6.15e-26	75.3
Spipo11G0034600	SWLF01000075.1	95.238	21	1	0	494	556	1801660	1801598	6.15e-26	46.0
Spipo11G0034600	SWLF01000075.1	100.000	13	0	0	794	832	1801360	1801322	6.15e-26	33.6
Spipo11G0034600	SWLF01000075.1	57.500	40	17	0	307	188	1793148	1793267	1.17e-21	57.4
Spipo11G0034600	SWLF01000075.1	65.517	29	10	0	180	94	1793371	1793457	1.17e-21	44.6
Spipo11G0034600	SWLF01000075.1	62.222	45	17	0	439	305	1792928	1793062	1.17e-21	38.2
Spipo11G0034600	SWLF01000075.1	61.702	47	18	0	300	440	1793067	1792927	1.57e-19	69.8
Spipo11G0034600	SWLF01000075.1	56.757	37	16	0	194	304	1793261	1793151	1.57e-19	38.2
Spipo11G0034600	SWLF01000075.1	55.556	18	8	0	129	182	1793422	1793369	1.57e-19	24.9
Spipo11G0034600	SWLF01000075.1	62.162	37	14	0	303	193	1793152	1793262	1.84e-10	51.5
Spipo11G0034600	SWLF01000075.1	68.966	29	9	0	712	626	1792385	1792471	1.84e-10	47.8
Spipo11G0034600	SWLF01000075.1	35.714	56	36	0	181	14	1793370	1793537	1.84e-10	32.2
Spipo11G0034600	SWLF01000075.1	34.426	61	40	0	625	807	5362212	5362030	3.95e-06	46.9
Spipo11G0034600	SWLF01000075.1	41.935	31	18	0	235	327	5362602	5362510	3.95e-06	38.6
Spipo11G0034600	SWLF01000119.1	52.632	57	27	0	331	501	2488098	2487928	3.10e-37	81.3
Spipo11G0034600	SWLF01000119.1	47.619	42	22	0	499	624	2487687	2487562	3.10e-37	61.1
Spipo11G0034600	SWLF01000119.1	47.619	42	22	0	190	315	2488242	2488117	3.10e-37	59.3
Spipo11G0034600	SWLF01000119.1	50.000	44	22	0	697	828	2487165	2487034	3.10e-37	52.4
Spipo11G0034600	SWLF01000119.1	50.000	20	10	0	136	195	2488692	2488633	3.10e-37	32.2
Spipo11G0034600	SWLF01000119.1	44.643	56	31	0	488	321	2487941	2488108	2.86e-12	46.9
Spipo11G0034600	SWLF01000119.1	48.780	41	21	0	314	192	2488118	2488240	2.86e-12	44.1
Spipo11G0034600	SWLF01000047.1	44.444	27	15	0	250	330	4836662	4836582	1.21e-08	32.7
Spipo11G0034600	SWLF01000047.1	40.741	27	16	0	115	195	4836894	4836814	1.21e-08	30.4
Spipo11G0034600	SWLF01000047.1	43.478	23	13	0	376	444	4836497	4836429	1.21e-08	24.4
Spipo11G0034600	SWLF01000047.1	100.000	7	0	0	193	213	4836716	4836696	1.21e-08	23.1
Spipo11G0034600	SWLF01000023.1	46.667	30	16	0	235	324	2373143	2373054	1.23e-06	39.6
Spipo11G0034600	SWLF01000023.1	46.667	30	16	0	235	324	2347544	2347455	1.23e-06	39.6
Spipo11G0034600	SWLF01000023.1	47.619	21	11	0	121	183	2373357	2373295	1.23e-06	24.0
Spipo11G0034600	SWLF01000023.1	66.667	12	4	0	193	228	2373182	2373147	1.23e-06	24.0
Spipo11G0034600	SWLF01000023.1	47.619	21	11	0	121	183	2347757	2347695	1.23e-06	24.0
Spipo11G0034600	SWLF01000023.1	66.667	12	4	0	193	228	2347583	2347548	1.23e-06	24.0
Spipo11G0034600	SWLF01000023.1	40.741	27	16	0	235	315	3051722	3051802	6.96e-06	35.4
Spipo11G0034600	SWLF01000023.1	50.000	18	9	0	130	183	3051520	3051573	6.96e-06	25.4
Spipo11G0034600	SWLF01000023.1	66.667	12	4	0	193	228	3051683	3051718	6.96e-06	24.0
Spipo11G0034600	SWLF01000100.1	50.000	22	11	0	250	315	2837033	2837098	4.15e-06	30.9
Spipo11G0034600	SWLF01000100.1	40.741	27	16	0	118	198	2836786	2836866	4.15e-06	29.9
Spipo11G0034600	SWLF01000100.1	50.000	22	11	0	193	258	2836982	2837047	4.15e-06	24.9
