Spipo22G0037800	SWLF01000027.1	100.000	107	0	0	154	474	7217285	7216965	3.89e-169	281
Spipo22G0037800	SWLF01000027.1	96.330	109	4	0	457	783	7216521	7216195	3.89e-169	259
Spipo22G0037800	SWLF01000027.1	100.000	52	0	0	1	156	7217561	7217406	3.89e-169	124
Spipo22G0037800	SWLF01000027.1	100.000	105	0	0	783	469	7216195	7216509	1.77e-153	254
Spipo22G0037800	SWLF01000027.1	100.000	107	0	0	473	153	7216966	7217286	1.77e-153	231
Spipo22G0037800	SWLF01000027.1	100.000	51	0	0	155	3	7217407	7217559	1.77e-153	127
Spipo22G0037800	SWLF01000027.1	100.000	104	0	0	782	471	7216196	7216507	6.39e-138	254
Spipo22G0037800	SWLF01000027.1	98.701	77	1	0	480	250	7216959	7217189	6.39e-138	178
Spipo22G0037800	SWLF01000027.1	100.000	35	0	0	106	2	7217456	7217560	6.39e-138	95.9
Spipo22G0037800	SWLF01000027.1	100.000	24	0	0	226	155	7217213	7217284	6.39e-138	65.7
Spipo22G0037800	SWLF01000027.1	100.000	91	0	0	159	431	7217280	7217008	8.98e-105	196
Spipo22G0037800	SWLF01000027.1	100.000	59	0	0	606	782	7216372	7216196	8.98e-105	122
Spipo22G0037800	SWLF01000027.1	100.000	35	0	0	2	106	7217560	7217456	8.98e-105	97.7
Spipo22G0037800	SWLF01000027.1	100.000	26	0	0	471	548	7216507	7216430	8.98e-105	67.0
Spipo22G0037800	SWLF01000027.1	100.000	42	0	0	656	781	7216322	7216197	7.06e-26	66.6
Spipo22G0037800	SWLF01000027.1	100.000	21	0	0	45	107	7217517	7217455	7.06e-26	62.0
Spipo22G0037800	SWLF01000027.1	100.000	15	0	0	377	421	7217062	7217018	7.06e-26	43.7
Spipo22G0037800	SWLF01000027.1	100.000	18	0	0	251	304	7217188	7217135	7.06e-26	43.2
Spipo22G0037800	SWLF01000027.1	100.000	35	0	0	105	1	7217457	7217561	2.37e-25	91.3
Spipo22G0037800	SWLF01000027.1	100.000	20	0	0	415	356	7217024	7217083	2.37e-25	56.5
Spipo22G0037800	SWLF01000027.1	39.474	38	23	0	564	451	5971011	5971124	2.37e-25	35.2
Spipo22G0037800	SWLF01000018.1	94.545	110	6	0	145	474	5907495	5907824	3.34e-157	275
Spipo22G0037800	SWLF01000018.1	87.129	101	13	0	472	774	5907908	5908210	3.34e-157	235
Spipo22G0037800	SWLF01000018.1	72.340	47	13	0	22	162	5907243	5907383	3.34e-157	84.5
Spipo22G0037800	SWLF01000018.1	82.692	104	18	0	782	471	5908218	5907907	4.32e-119	200
Spipo22G0037800	SWLF01000018.1	84.685	111	17	0	473	141	5907823	5907491	4.32e-119	194
Spipo22G0037800	SWLF01000018.1	68.182	44	14	0	155	24	5907376	5907245	4.32e-119	73.0
Spipo22G0037800	SWLF01000018.1	76.190	105	25	0	783	469	5908219	5907905	1.64e-87	181
Spipo22G0037800	SWLF01000018.1	76.000	75	18	0	474	250	5907824	5907600	1.64e-87	132
Spipo22G0037800	SWLF01000018.1	77.273	22	5	0	223	158	5907573	5907508	1.64e-87	48.3
Spipo22G0037800	SWLF01000018.1	69.231	91	28	0	159	431	5907509	5907781	8.58e-48	118
Spipo22G0037800	SWLF01000018.1	75.439	57	14	0	612	782	5908048	5908218	8.58e-48	90.9
Spipo22G0037800	SWLF01000018.1	80.000	25	5	0	471	545	5907907	5907981	8.58e-48	50.1
Spipo22G0037800	SWLF01000030.1	70.000	110	33	0	145	474	3207456	3207127	1.63e-112	213
Spipo22G0037800	SWLF01000030.1	72.381	105	29	0	469	783	3207060	3206746	1.63e-112	188
Spipo22G0037800	SWLF01000030.1	61.538	26	10	0	79	156	3207614	3207537	1.63e-112	43.7
Spipo22G0037800	SWLF01000030.1	66.667	105	35	0	782	468	3206747	3207061	3.82e-73	146
Spipo22G0037800	SWLF01000030.1	64.545	110	39	0	473	144	3207128	3207457	3.82e-73	132
Spipo22G0037800	SWLF01000030.1	57.692	26	11	0	155	78	3207538	3207615	3.82e-73	35.4
Spipo22G0037800	SWLF01000030.1	60.952	105	41	0	783	469	3206746	3207060	1.24e-54	133
Spipo22G0037800	SWLF01000030.1	63.514	74	27	0	474	253	3207127	3207348	1.24e-54	 99
Spipo22G0037800	SWLF01000030.1	56.044	91	40	0	159	431	3207442	3207170	3.20e-33	85.4
Spipo22G0037800	SWLF01000030.1	57.143	56	24	0	615	782	3206914	3206747	3.20e-33	58.8
Spipo22G0037800	SWLF01000030.1	58.333	24	10	0	471	542	3207058	3206987	3.20e-33	35.4
Spipo22G0037800	SWLF01000117.1	72.277	101	28	0	472	774	3131272	3130970	1.88e-111	185
Spipo22G0037800	SWLF01000117.1	70.175	57	17	0	310	480	3131521	3131351	1.88e-111	111
Spipo22G0037800	SWLF01000117.1	78.431	51	11	0	154	306	3131671	3131519	1.88e-111	110
Spipo22G0037800	SWLF01000117.1	54.286	35	16	0	52	156	3131857	3131753	1.88e-111	54.2
Spipo22G0037800	SWLF01000117.1	55.556	99	44	0	764	468	3130980	3131276	1.01e-63	110
Spipo22G0037800	SWLF01000117.1	58.462	65	27	0	480	286	3131351	3131545	1.01e-63	82.2
Spipo22G0037800	SWLF01000117.1	63.793	58	21	0	302	129	3131523	3131696	1.01e-63	63.4
Spipo22G0037800	SWLF01000117.1	77.273	22	5	0	155	90	3131754	3131819	1.01e-63	44.6
Spipo22G0037800	SWLF01000117.1	52.885	104	49	0	774	463	3130970	3131281	8.14e-45	106
Spipo22G0037800	SWLF01000117.1	61.404	57	22	0	479	309	3131352	3131522	8.14e-45	72.1
Spipo22G0037800	SWLF01000117.1	82.353	17	3	0	223	173	3131602	3131652	8.14e-45	40.5
Spipo22G0037800	SWLF01000117.1	62.791	43	16	0	174	302	3131651	3131523	1.49e-13	55.6
Spipo22G0037800	SWLF01000117.1	43.860	57	32	0	606	776	3131138	3130968	1.49e-13	55.6
Spipo22G0037800	SWLF01000019.1	63.462	104	38	0	472	783	7520811	7521122	8.08e-98	164
Spipo22G0037800	SWLF01000019.1	64.912	57	20	0	154	324	7520420	7520590	8.08e-98	102
Spipo22G0037800	SWLF01000019.1	69.091	55	17	0	310	474	7520570	7520734	8.08e-98	99.1
Spipo22G0037800	SWLF01000019.1	40.816	49	29	0	10	156	7520191	7520337	8.08e-98	49.2
Spipo22G0037800	SWLF01000019.1	52.830	106	50	0	783	466	7521122	7520805	5.42e-50	110
Spipo22G0037800	SWLF01000019.1	49.153	59	30	0	474	298	7520734	7520558	5.42e-50	63.5
Spipo22G0037800	SWLF01000019.1	57.627	59	25	0	302	126	7520568	7520392	5.42e-50	62.0
Spipo22G0037800	SWLF01000019.1	53.535	99	46	0	764	468	7521103	7520807	5.35e-47	105
Spipo22G0037800	SWLF01000019.1	58.182	55	23	0	473	309	7520733	7520569	5.35e-47	62.0
Spipo22G0037800	SWLF01000019.1	62.500	24	9	0	155	84	7520336	7520265	5.35e-47	39.1
Spipo22G0037800	SWLF01000019.1	54.545	22	10	0	223	158	7520489	7520424	5.35e-47	32.2
Spipo22G0037800	SWLF01000019.1	52.632	19	9	0	309	253	7520575	7520519	5.35e-47	22.0
Spipo22G0037800	SWLF01000019.1	58.696	46	19	0	159	296	7520425	7520562	3.33e-13	61.1
Spipo22G0037800	SWLF01000019.1	48.148	54	28	0	606	767	7520945	7521106	3.33e-13	48.7
Spipo22G0037800	SWLF01000023.1	71.287	101	29	0	472	774	2372674	2372372	3.03e-97	179
Spipo22G0037800	SWLF01000023.1	78.182	55	12	0	310	474	2373032	2372868	3.03e-97	117
Spipo22G0037800	SWLF01000023.1	71.429	56	16	0	139	306	2373197	2373030	3.03e-97	110
Spipo22G0037800	SWLF01000023.1	81.818	22	4	0	91	156	2373333	2373268	3.03e-97	52.4
Spipo22G0037800	SWLF01000023.1	73.267	101	27	0	472	774	3052187	3052489	9.54e-96	180
Spipo22G0037800	SWLF01000023.1	80.392	51	10	0	154	306	3051683	3051835	9.54e-96	113
Spipo22G0037800	SWLF01000023.1	71.930	57	16	0	310	480	3051833	3052003	9.54e-96	110
Spipo22G0037800	SWLF01000023.1	85.714	21	3	0	94	156	3051538	3051600	9.54e-96	49.2
Spipo22G0037800	SWLF01000023.1	71.287	101	29	0	472	774	2347075	2346773	4.20e-92	179
Spipo22G0037800	SWLF01000023.1	78.182	55	12	0	310	474	2347433	2347269	4.20e-92	117
Spipo22G0037800	SWLF01000023.1	64.615	65	23	0	112	306	2347625	2347431	4.20e-92	112
Spipo22G0037800	SWLF01000023.1	55.238	105	47	0	783	469	3052498	3052184	2.04e-52	118
Spipo22G0037800	SWLF01000023.1	63.158	57	21	0	479	309	3052002	3051832	2.04e-52	74.4
Spipo22G0037800	SWLF01000023.1	76.000	50	12	0	302	153	3051831	3051682	2.04e-52	69.8
Spipo22G0037800	SWLF01000023.1	80.952	21	4	0	155	93	3051599	3051537	2.04e-52	45.5
Spipo22G0037800	SWLF01000023.1	54.082	98	45	0	764	471	2346783	2347076	5.94e-47	102
Spipo22G0037800	SWLF01000023.1	54.082	98	45	0	764	471	2372382	2372675	5.94e-47	102
Spipo22G0037800	SWLF01000023.1	68.627	51	16	0	461	309	2347282	2347434	5.94e-47	76.7
Spipo22G0037800	SWLF01000023.1	68.627	51	16	0	461	309	2372881	2373033	5.94e-47	76.7
Spipo22G0037800	SWLF01000023.1	72.000	50	14	0	302	153	2347435	2347584	5.94e-47	68.4
Spipo22G0037800	SWLF01000023.1	72.000	50	14	0	302	153	2373034	2373183	5.94e-47	68.4
Spipo22G0037800	SWLF01000023.1	63.636	22	8	0	155	90	2347669	2347734	5.94e-47	41.4
Spipo22G0037800	SWLF01000023.1	63.636	22	8	0	155	90	2373269	2373334	5.94e-47	41.4
Spipo22G0037800	SWLF01000023.1	54.808	104	47	0	782	471	3052497	3052186	1.56e-36	116
Spipo22G0037800	SWLF01000023.1	57.627	59	25	0	474	298	3051997	3051821	1.56e-36	73.1
Spipo22G0037800	SWLF01000023.1	53.684	95	44	0	756	472	2346791	2347075	5.67e-30	 99
Spipo22G0037800	SWLF01000023.1	57.627	59	25	0	474	298	2372868	2373044	5.67e-30	67.1
Spipo22G0037800	SWLF01000023.1	56.522	46	20	0	159	296	2347578	2347441	4.24e-22	60.2
Spipo22G0037800	SWLF01000023.1	81.818	22	4	0	91	156	2347733	2347668	4.24e-22	52.4
Spipo22G0037800	SWLF01000023.1	45.161	31	17	0	339	431	2347404	2347312	4.24e-22	29.0
Spipo22G0037800	SWLF01000023.1	53.684	95	44	0	756	472	2372390	2372674	1.60e-20	 99
Spipo22G0037800	SWLF01000023.1	60.870	46	18	0	159	296	3051688	3051825	6.89e-19	61.1
Spipo22G0037800	SWLF01000023.1	46.552	58	31	0	606	779	3052321	3052494	6.89e-19	53.3
Spipo22G0037800	SWLF01000023.1	70.833	24	7	0	471	542	3052186	3052257	6.89e-19	44.6
Spipo22G0037800	SWLF01000023.1	51.724	29	14	0	339	425	3051862	3051948	6.89e-19	33.6
Spipo22G0037800	SWLF01000023.1	56.522	46	20	0	159	296	2373177	2373040	4.46e-13	60.2
Spipo22G0037800	SWLF01000023.1	49.057	53	27	0	606	764	2372540	2372382	4.46e-13	47.8
Spipo22G0037800	SWLF01000023.1	56.000	25	11	0	471	545	2372675	2372601	4.46e-13	33.6
Spipo22G0037800	SWLF01000023.1	55.932	59	26	0	474	298	2347269	2347445	5.30e-13	65.8
Spipo22G0037800	SWLF01000023.1	47.619	21	11	0	220	158	2347517	2347579	5.30e-13	27.6
Spipo22G0037800	SWLF01000023.1	49.057	53	27	0	606	764	2346941	2346783	1.67e-09	47.8
Spipo22G0037800	SWLF01000023.1	56.000	25	11	0	471	545	2347076	2347002	1.67e-09	33.6
Spipo22G0037800	SWLF01000100.1	57.843	102	43	0	469	774	2837380	2837685	4.69e-76	151
Spipo22G0037800	SWLF01000100.1	54.737	95	43	0	205	489	2837030	2837314	4.69e-76	137
Spipo22G0037800	SWLF01000100.1	47.619	21	11	0	94	156	2836816	2836878	4.69e-76	27.2
Spipo22G0037800	SWLF01000100.1	52.632	19	9	0	154	210	2836982	2837038	4.69e-76	26.3
Spipo22G0037800	SWLF01000100.1	47.170	106	56	0	767	450	2837678	2837361	1.30e-32	97.3
Spipo22G0037800	SWLF01000100.1	46.667	75	40	0	461	237	2837286	2837062	1.30e-32	62.5
Spipo22G0037800	SWLF01000100.1	41.935	93	54	0	774	496	2837685	2837407	1.47e-28	76.2
Spipo22G0037800	SWLF01000100.1	42.529	87	50	0	516	256	2837341	2837081	1.47e-28	69.9
Spipo22G0037800	SWLF01000100.1	41.176	51	30	0	624	776	2837535	2837687	5.26e-06	43.7
Spipo22G0037800	SWLF01000100.1	51.923	52	25	0	246	401	2837071	2837226	5.26e-06	40.9
Spipo22G0037800	SWLF01000075.1	65.823	79	27	0	358	594	5362446	5362210	3.72e-75	133
Spipo22G0037800	SWLF01000075.1	57.143	56	24	0	157	324	5362638	5362471	3.72e-75	88.1
Spipo22G0037800	SWLF01000075.1	68.293	41	13	0	652	774	5362137	5362015	3.72e-75	68.4
Spipo22G0037800	SWLF01000075.1	37.778	45	28	0	4	138	5362892	5362758	3.72e-75	37.7
Spipo22G0037800	SWLF01000075.1	83.333	12	2	0	310	345	5362491	5362456	3.72e-75	29.5
Spipo22G0037800	SWLF01000075.1	58.228	79	33	0	593	357	5362211	5362447	3.30e-29	100
Spipo22G0037800	SWLF01000075.1	61.111	36	14	0	764	657	5362025	5362132	3.30e-29	47.3
Spipo22G0037800	SWLF01000075.1	54.054	37	17	0	759	649	5362030	5362140	3.49e-16	46.6
Spipo22G0037800	SWLF01000075.1	59.375	32	13	0	453	358	5362351	5362446	3.49e-16	41.6
Spipo22G0037800	SWLF01000075.1	63.636	22	8	0	603	538	5362201	5362266	3.49e-16	33.0
Spipo22G0037800	SWLF01000075.1	53.333	45	21	0	168	302	5362627	5362493	1.71e-09	51.5
Spipo22G0037800	SWLF01000075.1	59.091	22	9	0	366	431	5362438	5362373	1.71e-09	29.9
Spipo22G0037800	SWLF01000047.1	52.800	125	59	0	388	762	4836364	4835990	1.25e-70	161
Spipo22G0037800	SWLF01000047.1	70.000	40	12	0	154	273	4836716	4836597	1.25e-70	81.7
Spipo22G0037800	SWLF01000047.1	77.273	22	5	0	97	162	4836858	4836793	1.25e-70	45.5
Spipo22G0037800	SWLF01000047.1	63.636	22	8	0	339	404	4836528	4836463	1.25e-70	35.4
Spipo22G0037800	SWLF01000047.1	47.423	97	51	0	762	472	4835990	4836280	9.54e-42	95.4
Spipo22G0037800	SWLF01000047.1	55.932	59	26	0	474	298	4836393	4836569	9.54e-42	64.4
Spipo22G0037800	SWLF01000047.1	86.667	15	2	0	158	114	4836797	4836841	9.54e-42	33.6
Spipo22G0037800	SWLF01000047.1	54.545	44	20	0	281	150	4836589	4836720	9.54e-42	32.7
Spipo22G0037800	SWLF01000047.1	69.091	55	17	0	310	474	4836557	4836393	1.58e-28	103
Spipo22G0037800	SWLF01000047.1	45.000	40	22	0	162	281	4836708	4836589	1.58e-28	42.8
Spipo22G0037800	SWLF01000047.1	52.083	96	46	0	758	471	4835994	4836281	1.57e-27	91.3
Spipo22G0037800	SWLF01000047.1	62.000	50	19	0	458	309	4836409	4836558	1.57e-27	67.0
Spipo22G0037800	SWLF01000119.1	64.356	101	36	0	472	774	3307128	3307430	7.25e-64	163
Spipo22G0037800	SWLF01000119.1	52.727	55	26	0	310	474	3306809	3306973	7.25e-64	77.6
Spipo22G0037800	SWLF01000119.1	52.000	50	24	0	157	306	3306659	3306808	7.25e-64	72.5
Spipo22G0037800	SWLF01000119.1	60.638	94	37	0	774	493	3307430	3307149	6.65e-29	118
Spipo22G0037800	SWLF01000119.1	46.000	50	27	0	458	309	3306957	3306808	6.65e-29	45.1
Spipo22G0037800	SWLF01000119.1	56.250	96	42	0	767	480	3307423	3307136	1.77e-24	109
Spipo22G0037800	SWLF01000119.1	40.323	62	37	0	341	156	3306843	3306658	1.77e-24	39.1
Spipo22G0037800	SWLF01000119.1	61.111	54	21	0	606	767	3307262	3307423	1.60e-09	61.1
Spipo22G0037800	SWLF01000119.1	43.590	39	22	0	159	275	3306661	3306777	1.60e-09	36.3
Spipo22G0037800	SWLF01000119.1	39.474	38	23	0	211	324	2488179	2488066	1.13e-07	42.3
Spipo22G0037800	SWLF01000119.1	88.889	9	1	0	154	180	2488239	2488213	1.13e-07	25.4
Spipo22G0037800	SWLF01000119.1	40.909	22	13	0	370	435	2488053	2487988	1.13e-07	23.5
