Spipo17G0044900	SWLF01000030.1	96.429	112	4	0	196	531	3207462	3207127	0.0	279
Spipo17G0044900	SWLF01000030.1	100.000	105	0	0	526	840	3207060	3206746	0.0	267
Spipo17G0044900	SWLF01000030.1	100.000	50	0	0	61	210	3207689	3207540	0.0	106
Spipo17G0044900	SWLF01000030.1	100.000	21	0	0	2	64	3207748	3207686	0.0	65.2
Spipo17G0044900	SWLF01000030.1	100.000	105	0	0	839	525	3206747	3207061	4.29e-153	270
Spipo17G0044900	SWLF01000030.1	100.000	104	0	0	530	219	3207128	3207439	4.29e-153	256
Spipo17G0044900	SWLF01000030.1	100.000	39	0	0	179	63	3207571	3207687	4.29e-153	83.5
Spipo17G0044900	SWLF01000030.1	89.157	83	9	0	738	490	3206848	3207096	1.18e-44	180
Spipo17G0044900	SWLF01000030.1	100.000	75	0	0	528	752	3207058	3206834	3.93e-42	160
Spipo17G0044900	SWLF01000030.1	100.000	10	0	0	501	530	3207157	3207128	3.93e-42	31.1
Spipo17G0044900	SWLF01000030.1	100.000	17	0	0	688	638	3206898	3206948	5.53e-23	46.0
Spipo17G0044900	SWLF01000030.1	100.000	15	0	0	571	527	3207015	3207059	5.53e-23	40.9
Spipo17G0044900	SWLF01000030.1	100.000	16	0	0	531	484	3207127	3207174	5.53e-23	40.0
Spipo17G0044900	SWLF01000030.1	100.000	12	0	0	354	319	3207304	3207339	5.53e-23	28.6
Spipo17G0044900	SWLF01000030.1	100.000	7	0	0	268	248	3207390	3207410	5.53e-23	22.6
Spipo17G0044900	SWLF01000030.1	100.000	30	0	0	593	682	3206993	3206904	8.63e-17	87.7
Spipo17G0044900	SWLF01000018.1	70.755	106	31	0	214	531	5907507	5907824	1.90e-102	208
Spipo17G0044900	SWLF01000018.1	72.277	101	28	0	529	831	5907908	5908210	1.90e-102	184
Spipo17G0044900	SWLF01000018.1	65.385	104	36	0	839	528	5908218	5907907	9.11e-67	140
Spipo17G0044900	SWLF01000018.1	64.948	97	34	0	530	240	5907823	5907533	9.11e-67	133
Spipo17G0044900	SWLF01000018.1	52.113	71	34	0	738	526	5908117	5907905	1.80e-13	70.7
Spipo17G0044900	SWLF01000018.1	62.500	16	6	0	531	484	5907824	5907777	1.80e-13	24.4
Spipo17G0044900	SWLF01000018.1	48.000	75	39	0	528	752	5907907	5908131	8.42e-08	49.7
Spipo17G0044900	SWLF01000018.1	66.667	24	8	0	136	207	5907300	5907371	8.42e-08	41.8
Spipo17G0044900	SWLF01000027.1	71.698	106	30	0	214	531	7217282	7216965	1.02e-101	211
Spipo17G0044900	SWLF01000027.1	69.725	109	33	0	514	840	7216521	7216195	1.02e-101	188
Spipo17G0044900	SWLF01000027.1	62.500	24	9	0	136	207	7217483	7217412	1.02e-101	41.4
Spipo17G0044900	SWLF01000027.1	69.072	97	30	0	530	240	7216966	7217256	7.95e-67	145
Spipo17G0044900	SWLF01000027.1	66.346	104	35	0	839	528	7216196	7216507	7.95e-67	144
Spipo17G0044900	SWLF01000027.1	57.143	77	33	0	738	508	7216297	7216527	1.01e-18	94.1
Spipo17G0044900	SWLF01000027.1	53.731	67	31	0	516	716	7216519	7216319	3.03e-08	59.3
Spipo17G0044900	SWLF01000117.1	66.337	101	34	0	529	831	3131272	3130970	5.77e-97	176
Spipo17G0044900	SWLF01000117.1	66.667	57	19	0	367	537	3131521	3131351	5.77e-97	103
Spipo17G0044900	SWLF01000117.1	70.000	50	15	0	214	363	3131668	3131519	5.77e-97	95.9
Spipo17G0044900	SWLF01000117.1	73.684	19	5	0	151	207	3131815	3131759	5.77e-97	37.3
Spipo17G0044900	SWLF01000117.1	57.576	99	42	0	821	525	3130980	3131276	6.67e-57	126
Spipo17G0044900	SWLF01000117.1	57.895	57	24	0	536	366	3131352	3131522	6.67e-57	69.8
Spipo17G0044900	SWLF01000117.1	70.000	40	12	0	359	240	3131523	3131642	6.67e-57	63.4
Spipo17G0044900	SWLF01000117.1	54.795	73	33	0	738	520	3131063	3131281	8.12e-15	75.3
Spipo17G0044900	SWLF01000117.1	69.231	13	4	0	531	493	3131357	3131395	8.12e-15	24.4
Spipo17G0044900	SWLF01000117.1	44.444	36	20	0	645	752	3131156	3131049	5.17e-06	38.4
Spipo17G0044900	SWLF01000117.1	54.545	22	10	0	528	593	3131273	3131208	5.17e-06	31.1
Spipo17G0044900	SWLF01000019.1	63.366	101	37	0	529	831	7520811	7521113	2.18e-88	160
Spipo17G0044900	SWLF01000019.1	69.091	55	17	0	367	531	7520570	7520734	2.18e-88	94.1
Spipo17G0044900	SWLF01000019.1	60.377	53	21	0	214	372	7520423	7520581	2.18e-88	91.8
Spipo17G0044900	SWLF01000019.1	59.091	22	9	0	142	207	7520266	7520331	2.18e-88	37.7
Spipo17G0044900	SWLF01000019.1	57.576	99	42	0	821	525	7521103	7520807	7.32e-55	129
Spipo17G0044900	SWLF01000019.1	61.818	55	21	0	530	366	7520733	7520569	7.32e-55	70.7
Spipo17G0044900	SWLF01000019.1	55.000	40	18	0	359	240	7520568	7520449	7.32e-55	52.8
Spipo17G0044900	SWLF01000019.1	55.556	72	32	0	738	523	7521020	7520805	3.08e-16	85.8
Spipo17G0044900	SWLF01000019.1	54.054	37	17	0	642	752	7520924	7521034	9.26e-09	47.0
Spipo17G0044900	SWLF01000019.1	56.522	23	10	0	528	596	7520810	7520878	9.26e-09	32.0
Spipo17G0044900	SWLF01000023.1	68.317	101	32	0	529	831	2347075	2346773	1.76e-87	177
Spipo17G0044900	SWLF01000023.1	76.364	55	13	0	367	531	2347433	2347269	1.76e-87	115
Spipo17G0044900	SWLF01000023.1	55.385	65	29	0	169	363	2347625	2347431	1.76e-87	101
Spipo17G0044900	SWLF01000023.1	68.317	101	32	0	529	831	2372674	2372372	2.69e-87	177
Spipo17G0044900	SWLF01000023.1	76.364	55	13	0	367	531	2373032	2372868	2.69e-87	115
Spipo17G0044900	SWLF01000023.1	61.818	55	21	0	199	363	2373194	2373030	2.69e-87	99.1
Spipo17G0044900	SWLF01000023.1	63.158	19	7	0	151	207	2373330	2373274	2.69e-87	34.5
Spipo17G0044900	SWLF01000023.1	67.327	101	33	0	529	831	3052187	3052489	2.35e-80	167
Spipo17G0044900	SWLF01000023.1	70.175	57	17	0	367	537	3051833	3052003	2.35e-80	104
Spipo17G0044900	SWLF01000023.1	64.000	50	18	0	214	363	3051686	3051835	2.35e-80	92.7
Spipo17G0044900	SWLF01000023.1	73.684	19	5	0	151	207	3051538	3051594	2.35e-80	38.2
Spipo17G0044900	SWLF01000023.1	58.163	98	41	0	821	528	2346783	2347076	5.39e-53	128
Spipo17G0044900	SWLF01000023.1	58.163	98	41	0	821	528	2372382	2372675	5.39e-53	128
Spipo17G0044900	SWLF01000023.1	75.000	48	12	0	518	375	2347282	2347425	5.39e-53	83.1
Spipo17G0044900	SWLF01000023.1	75.000	48	12	0	518	375	2372881	2373024	5.39e-53	83.1
Spipo17G0044900	SWLF01000023.1	70.000	40	12	0	359	240	2347435	2347554	5.39e-53	66.1
Spipo17G0044900	SWLF01000023.1	70.000	40	12	0	359	240	2373034	2373153	5.39e-53	66.1
Spipo17G0044900	SWLF01000023.1	56.122	98	43	0	821	528	3052479	3052186	8.72e-49	122
Spipo17G0044900	SWLF01000023.1	63.158	57	21	0	536	366	3052002	3051832	8.72e-49	83.1
Spipo17G0044900	SWLF01000023.1	65.000	40	14	0	359	240	3051831	3051712	8.72e-49	58.8
Spipo17G0044900	SWLF01000023.1	54.286	70	32	0	738	529	2346866	2347075	1.28e-13	77.1
Spipo17G0044900	SWLF01000023.1	54.286	70	32	0	738	529	2372465	2372674	1.28e-13	77.1
Spipo17G0044900	SWLF01000023.1	53.521	71	33	0	738	526	3052396	3052184	6.29e-13	74.8
Spipo17G0044900	SWLF01000023.1	60.870	23	9	0	525	593	2372678	2372610	1.15e-09	36.5
Spipo17G0044900	SWLF01000023.1	57.692	26	11	0	675	752	2372528	2372451	1.15e-09	36.5
Spipo17G0044900	SWLF01000023.1	60.870	23	9	0	525	593	2347079	2347011	1.15e-09	36.5
Spipo17G0044900	SWLF01000023.1	57.692	26	11	0	675	752	2346929	2346852	1.15e-09	36.5
Spipo17G0044900	SWLF01000023.1	54.167	24	11	0	608	679	2372595	2372524	1.15e-09	25.4
Spipo17G0044900	SWLF01000023.1	54.167	24	11	0	608	679	2346996	2346925	1.15e-09	25.4
Spipo17G0044900	SWLF01000023.1	44.000	75	42	0	528	752	3052186	3052410	3.03e-08	59.3
Spipo17G0044900	SWLF01000075.1	66.667	78	26	0	418	651	5362443	5362210	2.87e-71	131
Spipo17G0044900	SWLF01000075.1	64.815	54	19	0	211	372	5362641	5362480	2.87e-71	94.1
Spipo17G0044900	SWLF01000075.1	69.231	39	12	0	715	831	5362131	5362015	2.87e-71	68.4
Spipo17G0044900	SWLF01000075.1	57.895	19	8	0	151	207	5362802	5362746	2.87e-71	32.2
Spipo17G0044900	SWLF01000075.1	61.538	78	30	0	650	417	5362211	5362444	1.28e-40	100
Spipo17G0044900	SWLF01000075.1	59.574	47	19	0	359	219	5362493	5362633	1.28e-40	58.8
Spipo17G0044900	SWLF01000075.1	61.111	36	14	0	821	714	5362025	5362132	1.28e-40	45.5
Spipo17G0044900	SWLF01000100.1	53.922	102	47	0	526	831	2837380	2837685	1.37e-67	140
Spipo17G0044900	SWLF01000100.1	51.579	95	46	0	262	546	2837030	2837314	1.37e-67	136
Spipo17G0044900	SWLF01000100.1	47.170	106	56	0	824	507	2837678	2837361	2.66e-35	99.1
Spipo17G0044900	SWLF01000100.1	46.512	86	46	0	518	261	2837286	2837029	2.66e-35	69.8
Spipo17G0044900	SWLF01000100.1	45.070	71	39	0	738	526	2837592	2837380	1.01e-10	67.5
Spipo17G0044900	SWLF01000100.1	45.714	70	38	0	543	752	2837397	2837606	6.43e-06	51.6
Spipo17G0044900	SWLF01000119.1	61.386	101	39	0	529	831	3307128	3307430	2.95e-59	152
Spipo17G0044900	SWLF01000119.1	50.000	60	30	0	181	360	3306626	3306805	2.95e-59	79.9
Spipo17G0044900	SWLF01000119.1	47.273	55	29	0	367	531	3306809	3306973	2.95e-59	66.1
Spipo17G0044900	SWLF01000119.1	58.333	96	40	0	824	537	3307423	3307136	2.35e-31	116
Spipo17G0044900	SWLF01000119.1	44.000	50	28	0	515	366	3306957	3306808	2.35e-31	47.3
Spipo17G0044900	SWLF01000119.1	45.833	48	26	0	362	219	3306807	3306664	2.35e-31	40.5
Spipo17G0044900	SWLF01000119.1	52.857	70	33	0	738	529	3307337	3307128	2.24e-12	73.0
Spipo17G0044900	SWLF01000119.1	42.105	38	22	0	268	381	2488179	2488066	1.48e-06	43.2
Spipo17G0044900	SWLF01000119.1	50.000	22	11	0	427	492	2488053	2487988	1.48e-06	28.1
Spipo17G0044900	SWLF01000047.1	53.226	124	58	0	445	816	4836364	4835993	1.95e-47	153
Spipo17G0044900	SWLF01000047.1	58.537	41	17	0	208	330	4836719	4836597	1.95e-47	67.5
Spipo17G0044900	SWLF01000047.1	66.667	21	7	0	157	219	4836855	4836793	1.95e-47	37.3
Spipo17G0044900	SWLF01000047.1	51.579	95	46	0	812	528	4835997	4836281	4.75e-27	89.0
Spipo17G0044900	SWLF01000047.1	61.702	47	18	0	515	375	4836409	4836549	4.75e-27	67.0
Spipo17G0044900	SWLF01000047.1	51.613	31	15	0	338	246	4836589	4836681	4.75e-27	33.1
Spipo17G0044900	SWLF01000047.1	65.455	55	19	0	367	531	4836557	4836393	8.03e-26	96.8
Spipo17G0044900	SWLF01000047.1	38.667	75	46	0	528	752	4836281	4836057	8.03e-26	40.2
Spipo17G0044900	SWLF01000047.1	46.032	63	34	0	738	550	4836071	4836259	1.19e-08	60.6
