At-EXP1	SWLF01000117.1	90.196	102	10	0	148	453	3131656	3131351	1.07e-118	217
At-EXP1	SWLF01000117.1	82.524	103	18	0	445	753	3131272	3130964	1.07e-118	215
At-EXP1	SWLF01000117.1	91.667	12	1	0	70	105	3131818	3131783	1.07e-118	33.6
At-EXP1	SWLF01000117.1	75.490	102	25	0	452	147	3131352	3131657	6.54e-82	168
At-EXP1	SWLF01000117.1	72.000	100	28	0	740	441	3130977	3131276	6.54e-82	155
At-EXP1	SWLF01000117.1	41.667	84	49	0	726	475	3130991	3131242	1.31e-24	68.9
At-EXP1	SWLF01000117.1	39.080	87	53	0	442	182	3131362	3131622	1.31e-24	63.8
At-EXP1	SWLF01000117.1	40.179	112	67	0	108	443	3131696	3131361	1.71e-17	75.3
At-EXP1	SWLF01000117.1	49.057	53	27	0	579	737	3131138	3130980	1.71e-17	49.2
At-EXP1	SWLF01000117.1	44.828	87	48	0	182	442	3131622	3131362	3.82e-06	50.6
At-EXP1	SWLF01000117.1	44.898	49	27	0	581	727	3131136	3130990	3.82e-06	35.0
At-EXP1	SWLF01000023.1	82.000	100	18	0	445	744	3052187	3052486	1.30e-102	207
At-EXP1	SWLF01000023.1	86.275	102	14	0	148	453	3051698	3052003	1.30e-102	202
At-EXP1	SWLF01000023.1	80.000	100	20	0	445	744	2372674	2372375	1.19e-101	209
At-EXP1	SWLF01000023.1	80.000	100	20	0	445	744	2347075	2346776	1.19e-101	209
At-EXP1	SWLF01000023.1	81.000	100	19	0	148	447	2373167	2372868	1.19e-101	197
At-EXP1	SWLF01000023.1	81.000	100	19	0	148	447	2347568	2347269	1.19e-101	197
At-EXP1	SWLF01000023.1	78.431	102	22	0	452	147	3052002	3051697	1.01e-78	177
At-EXP1	SWLF01000023.1	70.408	98	29	0	737	444	3052479	3052186	1.01e-78	153
At-EXP1	SWLF01000023.1	67.708	96	31	0	434	147	2347282	2347569	5.94e-63	144
At-EXP1	SWLF01000023.1	67.708	96	31	0	434	147	2372881	2373168	5.94e-63	144
At-EXP1	SWLF01000023.1	63.636	99	36	0	740	444	2346780	2347076	5.94e-63	132
At-EXP1	SWLF01000023.1	63.636	99	36	0	740	444	2372379	2372675	5.94e-63	132
At-EXP1	SWLF01000023.1	40.426	94	56	0	445	164	3051995	3051714	7.82e-20	73.0
At-EXP1	SWLF01000023.1	41.111	90	53	0	744	475	3052486	3052217	7.82e-20	59.7
At-EXP1	SWLF01000023.1	47.872	94	49	0	165	446	3051715	3051996	2.54e-16	81.7
At-EXP1	SWLF01000023.1	43.396	53	30	0	579	737	3052321	3052479	2.54e-16	39.1
At-EXP1	SWLF01000023.1	41.379	87	51	0	732	472	2346788	2347048	1.43e-12	73.5
At-EXP1	SWLF01000023.1	41.379	87	51	0	732	472	2372387	2372647	1.43e-12	73.5
At-EXP1	SWLF01000023.1	34.667	75	49	0	135	359	2373180	2372956	2.96e-09	51.0
At-EXP1	SWLF01000023.1	34.667	75	49	0	135	359	2347581	2347357	2.96e-09	51.0
At-EXP1	SWLF01000023.1	75.000	12	3	0	70	105	2373333	2373298	2.96e-09	29.5
At-EXP1	SWLF01000023.1	75.000	12	3	0	70	105	2347733	2347698	2.96e-09	29.5
At-EXP1	SWLF01000019.1	76.000	100	24	0	445	744	7520811	7521110	1.68e-95	197
At-EXP1	SWLF01000019.1	76.000	100	24	0	148	447	7520435	7520734	1.68e-95	172
At-EXP1	SWLF01000019.1	63.725	102	37	0	746	441	7521112	7520807	1.45e-69	143
At-EXP1	SWLF01000019.1	67.000	100	33	0	446	147	7520733	7520434	1.45e-69	139
At-EXP1	SWLF01000019.1	42.222	90	52	0	744	475	7521110	7520841	3.01e-20	74.8
At-EXP1	SWLF01000019.1	42.222	45	26	0	282	148	7520569	7520435	3.01e-20	32.7
At-EXP1	SWLF01000019.1	32.432	37	25	0	445	335	7520732	7520622	3.01e-20	27.6
At-EXP1	SWLF01000019.1	37.000	100	63	0	147	446	7520434	7520733	1.51e-13	70.3
At-EXP1	SWLF01000019.1	43.636	55	31	0	581	745	7520947	7521111	1.51e-13	39.6
At-EXP1	SWLF01000019.1	64.706	17	6	0	55	105	7520257	7520307	1.51e-13	32.2
At-EXP1	SWLF01000018.1	72.449	98	27	0	445	738	5907908	5908201	3.14e-87	172
At-EXP1	SWLF01000018.1	76.087	46	11	0	148	285	5907519	5907656	3.14e-87	95.5
At-EXP1	SWLF01000018.1	74.545	55	14	0	283	447	5907660	5907824	3.14e-87	93.6
At-EXP1	SWLF01000018.1	59.184	98	40	0	737	444	5908200	5907907	7.20e-56	123
At-EXP1	SWLF01000018.1	71.429	42	12	0	272	147	5907643	5907518	7.20e-56	67.0
At-EXP1	SWLF01000018.1	60.000	55	22	0	446	282	5907823	5907659	7.20e-56	65.7
At-EXP1	SWLF01000018.1	41.860	43	25	0	147	275	5907518	5907646	1.70e-17	40.9
At-EXP1	SWLF01000018.1	36.364	55	35	0	282	446	5907659	5907823	1.70e-17	39.6
At-EXP1	SWLF01000018.1	39.623	53	32	0	579	737	5908042	5908200	1.70e-17	34.5
At-EXP1	SWLF01000018.1	42.857	28	16	0	426	509	5907889	5907972	1.70e-17	27.2
At-EXP1	SWLF01000018.1	37.209	86	54	0	732	475	5908195	5907938	8.24e-12	54.2
At-EXP1	SWLF01000018.1	42.857	42	24	0	273	148	5907644	5907519	8.24e-12	29.5
At-EXP1	SWLF01000018.1	37.500	32	20	0	442	347	5907819	5907724	8.24e-12	22.1
At-EXP1	SWLF01000030.1	64.078	103	37	0	442	750	3207060	3206752	1.41e-79	166
At-EXP1	SWLF01000030.1	70.909	55	16	0	283	447	3207291	3207127	1.41e-79	88.6
At-EXP1	SWLF01000030.1	63.043	46	17	0	148	285	3207432	3207295	1.41e-79	80.8
At-EXP1	SWLF01000030.1	52.427	103	49	0	749	441	3206753	3207061	1.25e-46	106
At-EXP1	SWLF01000030.1	67.500	40	13	0	281	162	3207299	3207418	1.25e-46	59.7
At-EXP1	SWLF01000030.1	54.545	55	25	0	446	282	3207128	3207292	1.25e-46	58.3
At-EXP1	SWLF01000027.1	63.551	107	39	0	430	750	7216521	7216201	4.36e-77	166
At-EXP1	SWLF01000027.1	80.435	46	9	0	148	285	7217270	7217133	4.36e-77	97.7
At-EXP1	SWLF01000027.1	74.545	55	14	0	283	447	7217129	7216965	4.36e-77	93.6
At-EXP1	SWLF01000027.1	71.429	14	4	0	64	105	7217477	7217436	4.36e-77	31.3
At-EXP1	SWLF01000027.1	48.039	102	53	0	749	444	7216202	7216507	3.01e-41	90.9
At-EXP1	SWLF01000027.1	75.556	45	11	0	281	147	7217137	7217271	3.01e-41	79.0
At-EXP1	SWLF01000027.1	61.818	55	21	0	446	282	7216966	7217130	3.01e-41	67.0
At-EXP1	SWLF01000027.1	41.304	46	27	0	135	272	7217283	7217146	1.89e-08	40.5
At-EXP1	SWLF01000027.1	45.455	22	12	0	405	470	7217007	7216942	1.89e-08	29.0
At-EXP1	SWLF01000027.1	45.833	24	13	0	282	353	7217130	7217059	1.89e-08	24.4
At-EXP1	SWLF01000027.1	37.647	85	53	0	729	475	7216222	7216476	1.32e-07	57.0
At-EXP1	SWLF01000075.1	60.526	76	30	0	343	570	5362434	5362207	5.49e-65	120
At-EXP1	SWLF01000075.1	67.273	55	18	0	148	312	5362626	5362462	5.49e-65	103
At-EXP1	SWLF01000075.1	62.500	40	15	0	625	744	5362137	5362018	5.49e-65	62.9
At-EXP1	SWLF01000075.1	53.165	79	37	0	566	330	5362211	5362447	7.65e-23	84.5
At-EXP1	SWLF01000075.1	54.054	37	17	0	746	636	5362016	5362126	7.65e-23	42.3
At-EXP1	SWLF01000075.1	52.703	74	35	0	368	147	5362406	5362627	5.52e-13	74.8
At-EXP1	SWLF01000100.1	59.615	104	42	0	442	753	2837380	2837691	9.02e-58	145
At-EXP1	SWLF01000100.1	56.364	55	24	0	283	447	2837135	2837299	9.02e-58	68.4
At-EXP1	SWLF01000100.1	48.571	35	18	0	181	285	2837027	2837131	9.02e-58	48.3
At-EXP1	SWLF01000100.1	52.778	108	51	0	746	423	2837684	2837361	4.38e-35	121
At-EXP1	SWLF01000100.1	49.020	51	26	0	434	282	2837286	2837134	4.38e-35	46.4
At-EXP1	SWLF01000119.1	63.000	100	37	0	445	744	3307128	3307427	4.46e-55	159
At-EXP1	SWLF01000119.1	50.000	48	24	0	148	291	3306671	3306814	4.46e-55	67.5
At-EXP1	SWLF01000119.1	50.909	55	27	0	283	447	3306809	3306973	4.46e-55	57.0
At-EXP1	SWLF01000119.1	53.061	98	46	0	746	453	3307429	3307136	1.77e-25	107
At-EXP1	SWLF01000119.1	51.111	45	22	0	281	147	3306804	3306670	1.77e-25	41.4
At-EXP1	SWLF01000119.1	55.556	27	12	0	362	282	3306888	3306808	1.77e-25	35.0
At-EXP1	SWLF01000119.1	36.585	41	26	0	190	312	2488179	2488057	1.77e-06	42.8
At-EXP1	SWLF01000119.1	50.000	22	11	0	343	408	2488053	2487988	1.77e-06	28.1
At-EXP1	SWLF01000047.1	58.065	124	52	0	361	732	4836364	4835993	6.03e-52	171
At-EXP1	SWLF01000047.1	71.429	35	10	0	148	252	4836701	4836597	6.03e-52	70.3
At-EXP1	SWLF01000047.1	57.143	21	9	0	291	353	4836549	4836487	6.03e-52	31.8
At-EXP1	SWLF01000047.1	53.684	95	44	0	728	444	4835997	4836281	3.94e-33	102
At-EXP1	SWLF01000047.1	58.182	55	23	0	431	267	4836409	4836573	3.94e-33	69.3
At-EXP1	SWLF01000047.1	52.941	34	16	0	251	150	4836598	4836699	3.94e-33	37.7
At-EXP1	SWLF01000047.1	72.727	55	15	0	283	447	4836557	4836393	3.64e-22	85.4
At-EXP1	SWLF01000047.1	37.500	40	25	0	141	260	4836708	4836589	3.64e-22	39.1
At-EXP1	SWLF01000047.1	41.860	86	50	0	729	472	4835996	4836253	8.89e-07	54.2
