atexla1	SRR8517588.452041	63.750	80	29	0	559	798	3364	3603	8.93e-79	144
atexla1	SRR8517588.452041	61.538	65	25	0	172	366	2983	3177	8.93e-79	100
atexla1	SRR8517588.452041	62.500	40	15	0	442	561	3250	3369	8.93e-79	68.9
atexla1	SRR8517588.452041	44.444	27	15	0	364	444	3169	3249	8.93e-79	35.4
atexla1	SRR8517588.452041	66.667	9	3	0	55	81	2860	2886	8.93e-79	23.5
atexla1	SRR8517588.452041	57.534	73	31	0	794	576	3599	3381	2.93e-27	82.6
atexla1	SRR8517588.452041	58.333	36	15	0	560	453	3368	3261	2.93e-27	46.0
atexla1	SRR8517588.452041	51.220	41	20	0	296	174	3107	2985	2.93e-27	42.8
atexla1	SRR8517588.452041	37.975	79	49	0	795	559	3600	3364	3.41e-10	67.0
atexla1	SRR8517588.452041	27.273	66	48	0	408	211	3219	3022	3.41e-10	25.4
atexla1	SRR8517588.48238	63.750	80	29	0	559	798	694	933	9.16e-79	144
atexla1	SRR8517588.48238	61.538	65	25	0	172	366	313	507	9.16e-79	100
atexla1	SRR8517588.48238	62.500	40	15	0	442	561	580	699	9.16e-79	68.9
atexla1	SRR8517588.48238	44.444	27	15	0	364	444	499	579	9.16e-79	35.4
atexla1	SRR8517588.48238	66.667	9	3	0	55	81	190	216	9.16e-79	23.5
atexla1	SRR8517588.48238	57.534	73	31	0	794	576	929	711	2.51e-28	82.6
atexla1	SRR8517588.48238	58.333	36	15	0	560	453	698	591	2.51e-28	46.0
atexla1	SRR8517588.48238	51.220	41	20	0	296	174	437	315	2.51e-28	42.8
atexla1	SRR8517588.48238	37.975	79	49	0	795	559	930	694	1.02e-10	67.0
atexla1	SRR8517588.48238	27.273	66	48	0	408	211	549	352	1.02e-10	25.4
atexla1	SRR8517588.89330	63.750	80	29	0	559	798	610	849	9.17e-79	144
atexla1	SRR8517588.89330	61.538	65	25	0	172	366	229	423	9.17e-79	100
atexla1	SRR8517588.89330	62.500	40	15	0	442	561	496	615	9.17e-79	68.9
atexla1	SRR8517588.89330	44.444	27	15	0	364	444	415	495	9.17e-79	35.4
atexla1	SRR8517588.89330	66.667	9	3	0	55	81	106	132	9.17e-79	23.5
atexla1	SRR8517588.89330	57.534	73	31	0	794	576	845	627	2.24e-28	82.6
atexla1	SRR8517588.89330	58.333	36	15	0	560	453	614	507	2.24e-28	46.0
atexla1	SRR8517588.89330	51.220	41	20	0	296	174	353	231	2.24e-28	42.8
atexla1	SRR8517588.89330	37.975	79	49	0	795	559	846	610	9.61e-11	67.0
atexla1	SRR8517588.89330	27.273	66	48	0	408	211	465	268	9.61e-11	25.4
atexla1	SRR8517588.205765	56.522	23	10	0	172	240	345	413	6.16e-09	42.8
atexla1	SRR8517588.205765	39.474	38	23	0	358	471	543	656	6.16e-09	40.5
atexla1	SRR8517588.205765	31.579	19	13	0	682	738	858	914	6.16e-09	21.7
atexla1	SRR8517588.116679	56.522	23	10	0	172	240	343	411	6.16e-09	42.8
atexla1	SRR8517588.116679	39.474	38	23	0	358	471	541	654	6.16e-09	40.5
atexla1	SRR8517588.116679	31.579	19	13	0	682	738	856	912	6.16e-09	21.7
atexla1	SRR8517588.184676	56.522	23	10	0	172	240	380	448	6.57e-09	42.8
atexla1	SRR8517588.184676	39.474	38	23	0	358	471	578	691	6.57e-09	40.5
atexla1	SRR8517588.184676	31.579	19	13	0	682	738	893	949	6.57e-09	21.7
atexla1	SRR8517588.100494	56.522	23	10	0	172	240	391	459	6.63e-09	42.8
atexla1	SRR8517588.100494	39.474	38	23	0	358	471	589	702	6.63e-09	40.5
atexla1	SRR8517588.100494	31.579	19	13	0	682	738	904	960	6.63e-09	21.7
atexla1	SRR8517588.95546	56.522	23	10	0	172	240	391	459	6.67e-09	42.8
atexla1	SRR8517588.95546	39.474	38	23	0	358	471	589	702	6.67e-09	40.5
atexla1	SRR8517588.95546	31.579	19	13	0	682	738	904	960	6.67e-09	21.7
atexla1	SRR8517588.230329	56.522	23	10	0	172	240	392	460	6.93e-09	42.8
atexla1	SRR8517588.230329	39.474	38	23	0	358	471	590	703	6.93e-09	40.5
atexla1	SRR8517588.230329	31.579	19	13	0	682	738	905	961	6.93e-09	21.7
