atexlb1	SRR8517588.452041	37.255	102	64	0	445	750	3247	3552	6.85e-40	95.5
atexlb1	SRR8517588.452041	43.529	85	48	0	184	438	2983	3237	6.85e-40	92.3
atexlb1	SRR8517588.452041	39.189	74	45	0	437	216	3236	3015	3.99e-10	44.6
atexlb1	SRR8517588.452041	38.889	72	44	0	659	444	3461	3246	3.99e-10	42.8
atexlb1	SRR8517588.48238	37.255	102	64	0	445	750	577	882	6.93e-40	95.5
atexlb1	SRR8517588.48238	43.529	85	48	0	184	438	313	567	6.93e-40	92.3
atexlb1	SRR8517588.48238	39.189	74	45	0	437	216	566	345	4.12e-10	44.6
atexlb1	SRR8517588.48238	38.889	72	44	0	659	444	791	576	4.12e-10	42.8
atexlb1	SRR8517588.89330	37.255	102	64	0	445	750	493	798	6.94e-40	95.5
atexlb1	SRR8517588.89330	43.529	85	48	0	184	438	229	483	6.94e-40	92.3
atexlb1	SRR8517588.89330	39.189	74	45	0	437	216	482	261	4.13e-10	44.6
atexlb1	SRR8517588.89330	38.889	72	44	0	659	444	707	492	4.13e-10	42.8
atexlb1	SRR8517588.205765	42.308	52	30	0	322	477	501	656	5.57e-15	55.6
atexlb1	SRR8517588.205765	60.870	23	9	0	184	252	345	413	5.57e-15	37.7
atexlb1	SRR8517588.205765	35.714	28	18	0	70	153	228	311	5.57e-15	27.2
atexlb1	SRR8517588.205765	33.333	21	14	0	679	741	852	914	5.57e-15	22.6
atexlb1	SRR8517588.116679	42.308	52	30	0	322	477	499	654	5.57e-15	55.6
atexlb1	SRR8517588.116679	60.870	23	9	0	184	252	343	411	5.57e-15	37.7
atexlb1	SRR8517588.116679	35.714	28	18	0	70	153	226	309	5.57e-15	27.2
atexlb1	SRR8517588.116679	33.333	21	14	0	679	741	850	912	5.57e-15	22.6
atexlb1	SRR8517588.184676	42.308	52	30	0	322	477	536	691	6.14e-15	55.6
atexlb1	SRR8517588.184676	60.870	23	9	0	184	252	380	448	6.14e-15	37.7
atexlb1	SRR8517588.184676	35.714	28	18	0	70	153	263	346	6.14e-15	27.2
atexlb1	SRR8517588.184676	33.333	21	14	0	679	741	887	949	6.14e-15	22.6
atexlb1	SRR8517588.100494	42.308	52	30	0	322	477	547	702	6.23e-15	55.6
atexlb1	SRR8517588.100494	60.870	23	9	0	184	252	391	459	6.23e-15	37.7
atexlb1	SRR8517588.100494	35.714	28	18	0	70	153	274	357	6.23e-15	27.2
atexlb1	SRR8517588.100494	33.333	21	14	0	679	741	898	960	6.23e-15	22.6
atexlb1	SRR8517588.95546	42.308	52	30	0	322	477	547	702	6.27e-15	55.6
atexlb1	SRR8517588.95546	60.870	23	9	0	184	252	391	459	6.27e-15	37.7
atexlb1	SRR8517588.95546	35.714	28	18	0	70	153	274	357	6.27e-15	27.2
atexlb1	SRR8517588.95546	33.333	21	14	0	679	741	898	960	6.27e-15	22.6
atexlb1	SRR8517588.230329	42.308	52	30	0	322	477	548	703	6.65e-15	55.6
atexlb1	SRR8517588.230329	60.870	23	9	0	184	252	392	460	6.65e-15	37.7
atexlb1	SRR8517588.230329	35.714	28	18	0	70	153	275	358	6.65e-15	27.2
atexlb1	SRR8517588.230329	33.333	21	14	0	679	741	899	961	6.65e-15	22.6
atexlb1	SRR8517588.81902	31.818	66	45	0	85	282	234	431	4.37e-10	58.3
atexlb1	SRR8517588.81902	57.895	19	8	0	388	444	567	623	4.37e-10	31.8
atexlb1	SRR8517588.86522	31.818	66	45	0	85	282	233	430	4.40e-10	58.3
atexlb1	SRR8517588.86522	57.895	19	8	0	388	444	566	622	4.40e-10	31.8
atexlb1	SRR8517588.78726	31.818	66	45	0	85	282	237	434	4.57e-10	58.3
atexlb1	SRR8517588.78726	57.895	19	8	0	388	444	570	626	4.57e-10	31.8
atexlb1	SRR8517588.82745	31.818	66	45	0	85	282	247	444	4.58e-10	58.3
atexlb1	SRR8517588.82745	57.895	19	8	0	388	444	580	636	4.58e-10	31.8
atexlb1	SRR8517588.3693	31.818	66	45	0	85	282	235	432	5.37e-10	58.3
atexlb1	SRR8517588.3693	57.895	19	8	0	388	444	568	624	5.37e-10	31.8
atexlb1	SRR8517588.90964	35.593	59	38	0	88	264	187	363	6.32e-10	57.9
atexlb1	SRR8517588.90964	57.895	19	8	0	388	444	517	573	6.32e-10	31.8
atexlb1	SRR8517588.14170	35.593	59	38	0	88	264	188	364	6.50e-10	57.9
atexlb1	SRR8517588.14170	57.895	19	8	0	388	444	518	574	6.50e-10	31.8
atexlb1	SRR8517588.100725	35.593	59	38	0	88	264	187	363	6.52e-10	57.9
atexlb1	SRR8517588.100725	57.895	19	8	0	388	444	517	573	6.52e-10	31.8
atexlb1	SRR8517588.387435	35.593	59	38	0	88	264	188	364	6.60e-10	57.9
atexlb1	SRR8517588.387435	57.895	19	8	0	388	444	518	574	6.60e-10	31.8
atexlb1	SRR8517588.322113	35.593	59	38	0	88	264	188	364	6.61e-10	57.9
atexlb1	SRR8517588.322113	57.895	19	8	0	388	444	518	574	6.61e-10	31.8
atexlb1	SRR8517588.110187	35.593	59	38	0	88	264	187	363	6.61e-10	57.9
atexlb1	SRR8517588.110187	57.895	19	8	0	388	444	517	573	6.61e-10	31.8
atexlb1	SRR8517588.286431	35.593	59	38	0	88	264	188	364	6.63e-10	57.9
atexlb1	SRR8517588.286431	57.895	19	8	0	388	444	518	574	6.63e-10	31.8
atexlb1	SRR8517588.284162	35.593	59	38	0	88	264	184	360	6.63e-10	57.9
atexlb1	SRR8517588.284162	57.895	19	8	0	388	444	514	570	6.63e-10	31.8
atexlb1	SRR8517588.260719	35.593	59	38	0	88	264	188	364	6.63e-10	57.9
atexlb1	SRR8517588.260719	57.895	19	8	0	388	444	518	574	6.63e-10	31.8
atexlb1	SRR8517588.83823	35.593	59	38	0	88	264	188	364	6.63e-10	57.9
atexlb1	SRR8517588.83823	57.895	19	8	0	388	444	518	574	6.63e-10	31.8
atexlb1	SRR8517588.107717	35.593	59	38	0	88	264	188	364	6.64e-10	57.9
atexlb1	SRR8517588.107717	57.895	19	8	0	388	444	518	574	6.64e-10	31.8
atexlb1	SRR8517588.5228	35.593	59	38	0	88	264	187	363	6.74e-10	57.9
atexlb1	SRR8517588.5228	57.895	19	8	0	388	444	517	573	6.74e-10	31.8
atexlb1	SRR8517588.89758	35.593	59	38	0	88	264	188	364	6.94e-10	57.9
atexlb1	SRR8517588.89758	57.895	19	8	0	388	444	518	574	6.94e-10	31.8
atexlb1	SRR8517588.101147	32.857	70	47	0	85	294	163	372	3.13e-08	55.6
atexlb1	SRR8517588.101147	42.105	19	11	0	388	444	490	546	3.13e-08	25.4
atexlb1	SRR8517588.97715	32.857	70	47	0	85	294	160	369	3.16e-08	55.6
atexlb1	SRR8517588.97715	42.105	19	11	0	388	444	487	543	3.16e-08	25.4
atexlb1	SRR8517588.22525	41.509	53	31	0	94	252	157	315	2.64e-07	54.2
atexlb1	SRR8517588.22525	40.000	20	12	0	385	444	481	540	2.64e-07	26.3
atexlb1	SRR8517588.265057	41.509	53	31	0	94	252	158	316	2.71e-07	54.2
atexlb1	SRR8517588.265057	40.000	20	12	0	385	444	482	541	2.71e-07	26.3
atexlb1	SRR8517588.119492	31.429	70	48	0	85	294	241	450	7.00e-07	54.7
atexlb1	SRR8517588.119492	50.000	16	8	0	397	444	577	624	7.00e-07	24.4
atexlb1	SRR8517588.105123	31.429	70	48	0	85	294	243	452	7.04e-07	54.7
atexlb1	SRR8517588.105123	50.000	16	8	0	397	444	579	626	7.04e-07	24.4
atexlb1	SRR8517588.85884	31.429	70	48	0	85	294	243	452	7.04e-07	54.7
atexlb1	SRR8517588.85884	50.000	16	8	0	397	444	579	626	7.04e-07	24.4
atexlb1	SRR8517588.102233	31.429	70	48	0	85	294	245	454	7.05e-07	54.7
atexlb1	SRR8517588.102233	50.000	16	8	0	397	444	581	628	7.05e-07	24.4
atexlb1	SRR8517588.119477	31.429	70	48	0	85	294	247	456	7.07e-07	54.7
atexlb1	SRR8517588.119477	50.000	16	8	0	397	444	583	630	7.07e-07	24.4
atexlb1	SRR8517588.470317	44.444	54	30	0	91	252	308	469	7.56e-07	57.9
atexlb1	SRR8517588.113226	44.444	54	30	0	91	252	316	477	7.56e-07	57.9
atexlb1	SRR8517588.92193	35.593	59	38	0	88	264	188	364	7.56e-07	57.9
atexlb1	SRR8517588.90879	44.444	54	30	0	91	252	267	428	7.56e-07	57.9
atexlb1	SRR8517588.90462	44.444	54	30	0	91	252	339	500	7.56e-07	57.9
atexlb1	SRR8517588.34188	44.444	54	30	0	91	252	304	465	7.56e-07	57.9
atexlb1	SRR8517588.25377	44.444	54	30	0	91	252	316	477	7.56e-07	57.9
atexlb1	SRR8517588.12251	44.444	54	30	0	91	252	304	465	7.56e-07	57.9
atexlb1	SRR8517588.103296	31.429	70	48	0	85	294	242	451	7.81e-07	54.7
atexlb1	SRR8517588.103296	50.000	16	8	0	397	444	578	625	7.81e-07	24.4
atexlb1	SRR8517588.105591	31.429	70	48	0	85	294	248	457	7.85e-07	54.7
atexlb1	SRR8517588.105591	50.000	16	8	0	397	444	584	631	7.85e-07	24.4
atexlb1	SRR8517588.34023	31.429	70	48	0	85	294	243	452	8.15e-07	54.7
atexlb1	SRR8517588.34023	50.000	16	8	0	397	444	579	626	8.15e-07	24.4
