At-EXP1	SRR8517588.101147	80.889	225	43	0	70	744	148	822	2.27e-116	421
At-EXP1	SRR8517588.101147	64.646	198	70	0	740	147	818	225	5.48e-71	270
At-EXP1	SRR8517588.101147	39.231	130	79	0	732	343	810	421	5.05e-22	91.8
At-EXP1	SRR8517588.101147	27.143	70	51	0	279	70	357	148	5.05e-22	35.9
At-EXP1	SRR8517588.101147	36.719	128	81	0	126	509	204	587	1.57e-20	81.3
At-EXP1	SRR8517588.101147	41.071	56	33	0	581	748	659	826	1.57e-20	41.4
At-EXP1	SRR8517588.97715	80.889	225	43	0	70	744	145	819	2.27e-116	421
At-EXP1	SRR8517588.97715	64.646	198	70	0	740	147	815	222	5.48e-71	270
At-EXP1	SRR8517588.97715	39.231	130	79	0	732	343	807	418	5.08e-22	91.8
At-EXP1	SRR8517588.97715	27.143	70	51	0	279	70	354	145	5.08e-22	35.9
At-EXP1	SRR8517588.97715	36.719	128	81	0	126	509	201	584	1.58e-20	81.3
At-EXP1	SRR8517588.97715	41.071	56	33	0	581	748	656	823	1.58e-20	41.4
At-EXP1	SRR8517588.119492	75.652	230	56	0	55	744	211	900	3.66e-106	387
At-EXP1	SRR8517588.119492	65.500	200	69	0	746	147	902	303	3.40e-73	278
At-EXP1	SRR8517588.119492	38.760	129	79	0	123	509	279	665	1.46e-25	100
At-EXP1	SRR8517588.119492	43.636	55	31	0	581	745	737	901	1.46e-25	39.6
At-EXP1	SRR8517588.119492	39.552	134	81	0	744	343	900	499	9.65e-25	85.4
At-EXP1	SRR8517588.119492	38.158	76	47	0	282	55	438	211	9.65e-25	51.5
At-EXP1	SRR8517588.119492	36.559	93	59	0	80	358	236	514	2.02e-07	44.6
At-EXP1	SRR8517588.119492	41.818	55	32	0	579	743	735	899	2.02e-07	36.3
At-EXP1	SRR8517588.119477	75.652	230	56	0	55	744	217	906	3.66e-106	387
At-EXP1	SRR8517588.119477	65.500	200	69	0	746	147	908	309	3.40e-73	278
At-EXP1	SRR8517588.119477	38.760	129	79	0	123	509	285	671	1.46e-25	100
At-EXP1	SRR8517588.119477	43.636	55	31	0	581	745	743	907	1.46e-25	39.6
At-EXP1	SRR8517588.119477	39.552	134	81	0	744	343	906	505	9.65e-25	85.4
At-EXP1	SRR8517588.119477	38.158	76	47	0	282	55	444	217	9.65e-25	51.5
At-EXP1	SRR8517588.119477	36.559	93	59	0	80	358	242	520	2.04e-07	44.6
At-EXP1	SRR8517588.119477	41.818	55	32	0	579	743	741	905	2.04e-07	36.3
At-EXP1	SRR8517588.105591	75.652	230	56	0	55	744	218	907	3.66e-106	387
At-EXP1	SRR8517588.105591	65.500	200	69	0	746	147	909	310	3.40e-73	278
At-EXP1	SRR8517588.105591	38.760	129	79	0	123	509	286	672	1.46e-25	100
At-EXP1	SRR8517588.105591	43.636	55	31	0	581	745	744	908	1.46e-25	39.6
At-EXP1	SRR8517588.105591	39.552	134	81	0	744	343	907	506	9.64e-25	85.4
At-EXP1	SRR8517588.105591	38.158	76	47	0	282	55	445	218	9.64e-25	51.5
At-EXP1	SRR8517588.105591	36.559	93	59	0	80	358	243	521	2.27e-07	44.6
At-EXP1	SRR8517588.105591	41.818	55	32	0	579	743	742	906	2.27e-07	36.3
At-EXP1	SRR8517588.105123	75.652	230	56	0	55	744	213	902	3.66e-106	387
At-EXP1	SRR8517588.105123	65.500	200	69	0	746	147	904	305	3.40e-73	278
At-EXP1	SRR8517588.105123	38.760	129	79	0	123	509	281	667	1.46e-25	100
At-EXP1	SRR8517588.105123	43.636	55	31	0	581	745	739	903	1.46e-25	39.6
At-EXP1	SRR8517588.105123	39.552	134	81	0	744	343	902	501	9.65e-25	85.4
At-EXP1	SRR8517588.105123	38.158	76	47	0	282	55	440	213	9.65e-25	51.5
At-EXP1	SRR8517588.105123	36.559	93	59	0	80	358	238	516	2.03e-07	44.6
At-EXP1	SRR8517588.105123	41.818	55	32	0	579	743	737	901	2.03e-07	36.3
At-EXP1	SRR8517588.103296	75.652	230	56	0	55	744	212	901	3.66e-106	387
At-EXP1	SRR8517588.103296	65.500	200	69	0	746	147	903	304	3.40e-73	278
At-EXP1	SRR8517588.103296	38.760	129	79	0	123	509	280	666	1.46e-25	100
At-EXP1	SRR8517588.103296	43.636	55	31	0	581	745	738	902	1.46e-25	39.6
At-EXP1	SRR8517588.103296	39.552	134	81	0	744	343	901	500	9.64e-25	85.4
At-EXP1	SRR8517588.103296	38.158	76	47	0	282	55	439	212	9.64e-25	51.5
At-EXP1	SRR8517588.103296	36.559	93	59	0	80	358	237	515	2.25e-07	44.6
At-EXP1	SRR8517588.103296	41.818	55	32	0	579	743	736	900	2.25e-07	36.3
At-EXP1	SRR8517588.102233	75.652	230	56	0	55	744	215	904	3.66e-106	387
At-EXP1	SRR8517588.102233	65.500	200	69	0	746	147	906	307	3.40e-73	278
At-EXP1	SRR8517588.102233	38.760	129	79	0	123	509	283	669	1.46e-25	100
At-EXP1	SRR8517588.102233	43.636	55	31	0	581	745	741	905	1.46e-25	39.6
At-EXP1	SRR8517588.102233	39.552	134	81	0	744	343	904	503	9.65e-25	85.4
At-EXP1	SRR8517588.102233	38.158	76	47	0	282	55	442	215	9.65e-25	51.5
At-EXP1	SRR8517588.102233	36.559	93	59	0	80	358	240	518	2.04e-07	44.6
At-EXP1	SRR8517588.102233	41.818	55	32	0	579	743	739	903	2.04e-07	36.3
At-EXP1	SRR8517588.85884	75.652	230	56	0	55	744	213	902	3.66e-106	387
At-EXP1	SRR8517588.85884	65.500	200	69	0	746	147	904	305	3.40e-73	278
At-EXP1	SRR8517588.85884	38.760	129	79	0	123	509	281	667	1.46e-25	100
At-EXP1	SRR8517588.85884	43.636	55	31	0	581	745	739	903	1.46e-25	39.6
At-EXP1	SRR8517588.85884	39.552	134	81	0	744	343	902	501	9.65e-25	85.4
At-EXP1	SRR8517588.85884	38.158	76	47	0	282	55	440	213	9.65e-25	51.5
At-EXP1	SRR8517588.85884	36.559	93	59	0	80	358	238	516	2.03e-07	44.6
At-EXP1	SRR8517588.85884	41.818	55	32	0	579	743	737	901	2.03e-07	36.3
At-EXP1	SRR8517588.34023	75.652	230	56	0	55	744	213	902	3.66e-106	387
At-EXP1	SRR8517588.34023	65.500	200	69	0	746	147	904	305	3.40e-73	278
At-EXP1	SRR8517588.34023	38.760	129	79	0	123	509	281	667	1.46e-25	100
At-EXP1	SRR8517588.34023	43.636	55	31	0	581	745	739	903	1.46e-25	39.6
At-EXP1	SRR8517588.34023	39.552	134	81	0	744	343	902	501	9.63e-25	85.4
At-EXP1	SRR8517588.34023	38.158	76	47	0	282	55	440	213	9.63e-25	51.5
At-EXP1	SRR8517588.34023	36.559	93	59	0	80	358	238	516	2.35e-07	44.6
At-EXP1	SRR8517588.34023	41.818	55	32	0	579	743	737	901	2.35e-07	36.3
At-EXP1	SRR8517588.3693	73.026	152	41	0	283	738	439	894	6.30e-97	260
At-EXP1	SRR8517588.3693	78.378	74	16	0	64	285	214	435	6.30e-97	117
At-EXP1	SRR8517588.3693	59.211	152	62	0	737	282	893	438	6.51e-59	184
At-EXP1	SRR8517588.3693	71.429	42	12	0	272	147	422	297	6.51e-59	67.0
At-EXP1	SRR8517588.3693	40.789	76	45	0	282	509	438	665	6.65e-22	62.9
At-EXP1	SRR8517588.3693	41.176	51	30	0	123	275	273	425	6.65e-22	47.3
At-EXP1	SRR8517588.3693	39.623	53	32	0	579	737	735	893	6.65e-22	34.5
At-EXP1	SRR8517588.3693	39.231	130	79	0	732	343	888	499	1.15e-20	79.0
At-EXP1	SRR8517588.3693	38.571	70	43	0	273	64	423	214	1.15e-20	44.1
At-EXP1	SRR8517588.3693	40.000	70	42	0	65	274	215	424	5.99e-08	36.8
At-EXP1	SRR8517588.3693	41.176	51	30	0	290	442	446	598	5.99e-08	35.0
At-EXP1	SRR8517588.3693	37.500	56	35	0	578	745	734	901	5.99e-08	29.9
At-EXP1	SRR8517588.82745	73.026	152	41	0	283	738	451	906	6.30e-97	260
At-EXP1	SRR8517588.82745	78.378	74	16	0	64	285	226	447	6.30e-97	117
At-EXP1	SRR8517588.82745	59.211	152	62	0	737	282	905	450	6.51e-59	184
At-EXP1	SRR8517588.82745	71.429	42	12	0	272	147	434	309	6.51e-59	67.0
At-EXP1	SRR8517588.82745	40.789	76	45	0	282	509	450	677	6.68e-22	62.9
At-EXP1	SRR8517588.82745	41.176	51	30	0	123	275	285	437	6.68e-22	47.3
At-EXP1	SRR8517588.82745	39.623	53	32	0	579	737	747	905	6.68e-22	34.5
At-EXP1	SRR8517588.82745	39.231	130	79	0	732	343	900	511	1.16e-20	79.0
At-EXP1	SRR8517588.82745	38.571	70	43	0	273	64	435	226	1.16e-20	44.1
At-EXP1	SRR8517588.82745	40.000	70	42	0	65	274	227	436	4.40e-08	36.8
At-EXP1	SRR8517588.82745	41.176	51	30	0	290	442	458	610	4.40e-08	35.0
At-EXP1	SRR8517588.82745	37.500	56	35	0	578	745	746	913	4.40e-08	29.9
At-EXP1	SRR8517588.78726	73.026	152	41	0	283	738	441	896	6.30e-97	260
At-EXP1	SRR8517588.78726	78.378	74	16	0	64	285	216	437	6.30e-97	117
At-EXP1	SRR8517588.78726	59.211	152	62	0	737	282	895	440	6.51e-59	184
At-EXP1	SRR8517588.78726	71.429	42	12	0	272	147	424	299	6.51e-59	67.0
At-EXP1	SRR8517588.78726	40.789	76	45	0	282	509	440	667	6.68e-22	62.9
At-EXP1	SRR8517588.78726	41.176	51	30	0	123	275	275	427	6.68e-22	47.3
At-EXP1	SRR8517588.78726	39.623	53	32	0	579	737	737	895	6.68e-22	34.5
At-EXP1	SRR8517588.78726	39.231	130	79	0	732	343	890	501	1.16e-20	79.0
At-EXP1	SRR8517588.78726	38.571	70	43	0	273	64	425	216	1.16e-20	44.1
At-EXP1	SRR8517588.78726	40.000	70	42	0	65	274	217	426	4.38e-08	36.8
At-EXP1	SRR8517588.78726	41.176	51	30	0	290	442	448	600	4.38e-08	35.0
At-EXP1	SRR8517588.78726	37.500	56	35	0	578	745	736	903	4.38e-08	29.9
At-EXP1	SRR8517588.86522	73.026	152	41	0	283	738	437	892	6.30e-97	260
At-EXP1	SRR8517588.86522	78.378	74	16	0	64	285	212	433	6.30e-97	117
At-EXP1	SRR8517588.86522	59.211	152	62	0	737	282	891	436	6.51e-59	184
At-EXP1	SRR8517588.86522	71.429	42	12	0	272	147	420	295	6.51e-59	67.0
At-EXP1	SRR8517588.86522	40.789	76	45	0	282	509	436	663	6.69e-22	62.9
At-EXP1	SRR8517588.86522	41.176	51	30	0	123	275	271	423	6.69e-22	47.3
At-EXP1	SRR8517588.86522	39.623	53	32	0	579	737	733	891	6.69e-22	34.5
At-EXP1	SRR8517588.86522	39.231	130	79	0	732	343	886	497	1.16e-20	79.0
At-EXP1	SRR8517588.86522	38.571	70	43	0	273	64	421	212	1.16e-20	44.1
At-EXP1	SRR8517588.86522	40.000	70	42	0	65	274	213	422	4.09e-08	36.8
At-EXP1	SRR8517588.86522	41.176	51	30	0	290	442	444	596	4.09e-08	35.0
At-EXP1	SRR8517588.86522	37.500	56	35	0	578	745	732	899	4.09e-08	29.9
At-EXP1	SRR8517588.81902	73.026	152	41	0	283	738	438	893	6.30e-97	260
At-EXP1	SRR8517588.81902	78.378	74	16	0	64	285	213	434	6.30e-97	117
At-EXP1	SRR8517588.81902	59.211	152	62	0	737	282	892	437	6.51e-59	184
At-EXP1	SRR8517588.81902	71.429	42	12	0	272	147	421	296	6.51e-59	67.0
At-EXP1	SRR8517588.81902	40.789	76	45	0	282	509	437	664	6.69e-22	62.9
At-EXP1	SRR8517588.81902	41.176	51	30	0	123	275	272	424	6.69e-22	47.3
At-EXP1	SRR8517588.81902	39.623	53	32	0	579	737	734	892	6.69e-22	34.5
At-EXP1	SRR8517588.81902	39.231	130	79	0	732	343	887	498	1.16e-20	79.0
At-EXP1	SRR8517588.81902	38.571	70	43	0	273	64	422	213	1.16e-20	44.1
At-EXP1	SRR8517588.81902	40.000	70	42	0	65	274	214	423	4.02e-08	36.8
At-EXP1	SRR8517588.81902	41.176	51	30	0	290	442	445	597	4.02e-08	35.0
At-EXP1	SRR8517588.81902	37.500	56	35	0	578	745	733	900	4.02e-08	29.9
At-EXP1	SRR8517588.89758	68.590	156	49	0	283	750	389	856	1.49e-95	253
At-EXP1	SRR8517588.89758	81.081	74	14	0	64	285	164	385	1.49e-95	119
At-EXP1	SRR8517588.89758	52.564	156	74	0	749	282	855	388	3.69e-53	153
At-EXP1	SRR8517588.89758	75.556	45	11	0	281	147	381	247	3.69e-53	79.0
At-EXP1	SRR8517588.89758	36.434	129	82	0	729	343	835	449	2.70e-22	77.1
At-EXP1	SRR8517588.89758	42.029	69	40	0	270	64	370	164	2.70e-22	51.5
At-EXP1	SRR8517588.89758	44.000	50	28	0	123	272	223	372	1.05e-17	49.6
At-EXP1	SRR8517588.89758	51.429	35	17	0	405	509	511	615	1.05e-17	47.3
At-EXP1	SRR8517588.89758	34.545	55	36	0	581	745	687	851	1.05e-17	25.8
At-EXP1	SRR8517588.89758	45.833	24	13	0	282	353	388	459	1.05e-17	24.4
At-EXP1	SRR8517588.5228	68.590	156	49	0	283	750	388	855	1.49e-95	253
At-EXP1	SRR8517588.5228	81.081	74	14	0	64	285	163	384	1.49e-95	119
At-EXP1	SRR8517588.5228	52.564	156	74	0	749	282	854	387	3.69e-53	153
At-EXP1	SRR8517588.5228	75.556	45	11	0	281	147	380	246	3.69e-53	79.0
At-EXP1	SRR8517588.5228	36.434	129	82	0	729	343	834	448	2.70e-22	77.1
At-EXP1	SRR8517588.5228	42.029	69	40	0	270	64	369	163	2.70e-22	51.5
At-EXP1	SRR8517588.5228	44.000	50	28	0	123	272	222	371	1.05e-17	49.6
At-EXP1	SRR8517588.5228	51.429	35	17	0	405	509	510	614	1.05e-17	47.3
At-EXP1	SRR8517588.5228	34.545	55	36	0	581	745	686	850	1.05e-17	25.8
At-EXP1	SRR8517588.5228	45.833	24	13	0	282	353	387	458	1.05e-17	24.4
At-EXP1	SRR8517588.107717	68.590	156	49	0	283	750	389	856	1.49e-95	253
At-EXP1	SRR8517588.107717	81.081	74	14	0	64	285	164	385	1.49e-95	119
At-EXP1	SRR8517588.107717	52.564	156	74	0	749	282	855	388	3.69e-53	153
At-EXP1	SRR8517588.107717	75.556	45	11	0	281	147	381	247	3.69e-53	79.0
At-EXP1	SRR8517588.107717	36.434	129	82	0	729	343	835	449	2.71e-22	77.1
At-EXP1	SRR8517588.107717	42.029	69	40	0	270	64	370	164	2.71e-22	51.5
At-EXP1	SRR8517588.107717	44.000	50	28	0	123	272	223	372	1.05e-17	49.6
At-EXP1	SRR8517588.107717	51.429	35	17	0	405	509	511	615	1.05e-17	47.3
At-EXP1	SRR8517588.107717	34.545	55	36	0	581	745	687	851	1.05e-17	25.8
At-EXP1	SRR8517588.107717	45.833	24	13	0	282	353	388	459	1.05e-17	24.4
At-EXP1	SRR8517588.286431	68.590	156	49	0	283	750	389	856	1.49e-95	253
At-EXP1	SRR8517588.286431	81.081	74	14	0	64	285	164	385	1.49e-95	119
At-EXP1	SRR8517588.286431	52.564	156	74	0	749	282	855	388	3.69e-53	153
At-EXP1	SRR8517588.286431	75.556	45	11	0	281	147	381	247	3.69e-53	79.0
At-EXP1	SRR8517588.286431	36.434	129	82	0	729	343	835	449	2.71e-22	77.1
At-EXP1	SRR8517588.286431	42.029	69	40	0	270	64	370	164	2.71e-22	51.5
At-EXP1	SRR8517588.286431	44.000	50	28	0	123	272	223	372	1.05e-17	49.6
At-EXP1	SRR8517588.286431	51.429	35	17	0	405	509	511	615	1.05e-17	47.3
At-EXP1	SRR8517588.286431	34.545	55	36	0	581	745	687	851	1.05e-17	25.8
At-EXP1	SRR8517588.286431	45.833	24	13	0	282	353	388	459	1.05e-17	24.4
At-EXP1	SRR8517588.284162	68.590	156	49	0	283	750	385	852	1.49e-95	253
At-EXP1	SRR8517588.284162	81.081	74	14	0	64	285	160	381	1.49e-95	119
At-EXP1	SRR8517588.284162	52.564	156	74	0	749	282	851	384	3.69e-53	153
At-EXP1	SRR8517588.284162	75.556	45	11	0	281	147	377	243	3.69e-53	79.0
At-EXP1	SRR8517588.284162	36.434	129	82	0	729	343	831	445	2.71e-22	77.1
At-EXP1	SRR8517588.284162	42.029	69	40	0	270	64	366	160	2.71e-22	51.5
At-EXP1	SRR8517588.284162	44.000	50	28	0	123	272	219	368	1.05e-17	49.6
At-EXP1	SRR8517588.284162	51.429	35	17	0	405	509	507	611	1.05e-17	47.3
At-EXP1	SRR8517588.284162	34.545	55	36	0	581	745	683	847	1.05e-17	25.8
At-EXP1	SRR8517588.284162	45.833	24	13	0	282	353	384	455	1.05e-17	24.4
At-EXP1	SRR8517588.260719	68.590	156	49	0	283	750	389	856	1.49e-95	253
At-EXP1	SRR8517588.260719	81.081	74	14	0	64	285	164	385	1.49e-95	119
At-EXP1	SRR8517588.260719	52.564	156	74	0	749	282	855	388	3.69e-53	153
At-EXP1	SRR8517588.260719	75.556	45	11	0	281	147	381	247	3.69e-53	79.0
At-EXP1	SRR8517588.260719	36.434	129	82	0	729	343	835	449	2.71e-22	77.1
At-EXP1	SRR8517588.260719	42.029	69	40	0	270	64	370	164	2.71e-22	51.5
At-EXP1	SRR8517588.260719	44.000	50	28	0	123	272	223	372	1.05e-17	49.6
At-EXP1	SRR8517588.260719	51.429	35	17	0	405	509	511	615	1.05e-17	47.3
At-EXP1	SRR8517588.260719	34.545	55	36	0	581	745	687	851	1.05e-17	25.8
At-EXP1	SRR8517588.260719	45.833	24	13	0	282	353	388	459	1.05e-17	24.4
At-EXP1	SRR8517588.83823	68.590	156	49	0	283	750	389	856	1.49e-95	253
At-EXP1	SRR8517588.83823	81.081	74	14	0	64	285	164	385	1.49e-95	119
At-EXP1	SRR8517588.83823	52.564	156	74	0	749	282	855	388	3.69e-53	153
At-EXP1	SRR8517588.83823	75.556	45	11	0	281	147	381	247	3.69e-53	79.0
At-EXP1	SRR8517588.83823	36.434	129	82	0	729	343	835	449	2.71e-22	77.1
At-EXP1	SRR8517588.83823	42.029	69	40	0	270	64	370	164	2.71e-22	51.5
At-EXP1	SRR8517588.83823	44.000	50	28	0	123	272	223	372	1.05e-17	49.6
At-EXP1	SRR8517588.83823	51.429	35	17	0	405	509	511	615	1.05e-17	47.3
At-EXP1	SRR8517588.83823	34.545	55	36	0	581	745	687	851	1.05e-17	25.8
At-EXP1	SRR8517588.83823	45.833	24	13	0	282	353	388	459	1.05e-17	24.4
At-EXP1	SRR8517588.322113	68.590	156	49	0	283	750	389	856	1.49e-95	253
At-EXP1	SRR8517588.322113	81.081	74	14	0	64	285	164	385	1.49e-95	119
At-EXP1	SRR8517588.322113	52.564	156	74	0	749	282	855	388	3.69e-53	153
At-EXP1	SRR8517588.322113	75.556	45	11	0	281	147	381	247	3.69e-53	79.0
At-EXP1	SRR8517588.322113	36.434	129	82	0	729	343	835	449	2.71e-22	77.1
At-EXP1	SRR8517588.322113	42.029	69	40	0	270	64	370	164	2.71e-22	51.5
At-EXP1	SRR8517588.322113	44.000	50	28	0	123	272	223	372	1.05e-17	49.6
At-EXP1	SRR8517588.322113	51.429	35	17	0	405	509	511	615	1.05e-17	47.3
At-EXP1	SRR8517588.322113	34.545	55	36	0	581	745	687	851	1.05e-17	25.8
At-EXP1	SRR8517588.322113	45.833	24	13	0	282	353	388	459	1.05e-17	24.4
At-EXP1	SRR8517588.110187	68.590	156	49	0	283	750	388	855	1.49e-95	253
At-EXP1	SRR8517588.110187	81.081	74	14	0	64	285	163	384	1.49e-95	119
At-EXP1	SRR8517588.110187	52.564	156	74	0	749	282	854	387	3.69e-53	153
At-EXP1	SRR8517588.110187	75.556	45	11	0	281	147	380	246	3.69e-53	79.0
At-EXP1	SRR8517588.110187	36.434	129	82	0	729	343	834	448	2.71e-22	77.1
At-EXP1	SRR8517588.110187	42.029	69	40	0	270	64	369	163	2.71e-22	51.5
At-EXP1	SRR8517588.110187	44.000	50	28	0	123	272	222	371	1.05e-17	49.6
At-EXP1	SRR8517588.110187	51.429	35	17	0	405	509	510	614	1.05e-17	47.3
At-EXP1	SRR8517588.110187	34.545	55	36	0	581	745	686	850	1.05e-17	25.8
At-EXP1	SRR8517588.110187	45.833	24	13	0	282	353	387	458	1.05e-17	24.4
At-EXP1	SRR8517588.387435	68.590	156	49	0	283	750	389	856	1.49e-95	253
At-EXP1	SRR8517588.387435	81.081	74	14	0	64	285	164	385	1.49e-95	119
At-EXP1	SRR8517588.387435	52.564	156	74	0	749	282	855	388	3.70e-53	153
At-EXP1	SRR8517588.387435	75.556	45	11	0	281	147	381	247	3.70e-53	79.0
At-EXP1	SRR8517588.387435	36.434	129	82	0	729	343	835	449	2.71e-22	77.1
At-EXP1	SRR8517588.387435	42.029	69	40	0	270	64	370	164	2.71e-22	51.5
At-EXP1	SRR8517588.387435	44.000	50	28	0	123	272	223	372	1.05e-17	49.6
At-EXP1	SRR8517588.387435	51.429	35	17	0	405	509	511	615	1.05e-17	47.3
At-EXP1	SRR8517588.387435	34.545	55	36	0	581	745	687	851	1.05e-17	25.8
At-EXP1	SRR8517588.387435	45.833	24	13	0	282	353	388	459	1.05e-17	24.4
At-EXP1	SRR8517588.100725	68.590	156	49	0	283	750	388	855	1.49e-95	253
At-EXP1	SRR8517588.100725	81.081	74	14	0	64	285	163	384	1.49e-95	119
At-EXP1	SRR8517588.100725	52.564	156	74	0	749	282	854	387	3.70e-53	153
At-EXP1	SRR8517588.100725	75.556	45	11	0	281	147	380	246	3.70e-53	79.0
At-EXP1	SRR8517588.100725	36.434	129	82	0	729	343	834	448	2.71e-22	77.1
At-EXP1	SRR8517588.100725	42.029	69	40	0	270	64	369	163	2.71e-22	51.5
At-EXP1	SRR8517588.100725	44.000	50	28	0	123	272	222	371	1.05e-17	49.6
At-EXP1	SRR8517588.100725	51.429	35	17	0	405	509	510	614	1.05e-17	47.3
At-EXP1	SRR8517588.100725	34.545	55	36	0	581	745	686	850	1.05e-17	25.8
At-EXP1	SRR8517588.100725	45.833	24	13	0	282	353	387	458	1.05e-17	24.4
At-EXP1	SRR8517588.14170	68.590	156	49	0	283	750	389	856	1.49e-95	253
At-EXP1	SRR8517588.14170	81.081	74	14	0	64	285	164	385	1.49e-95	119
At-EXP1	SRR8517588.14170	52.564	156	74	0	749	282	855	388	3.70e-53	153
At-EXP1	SRR8517588.14170	75.556	45	11	0	281	147	381	247	3.70e-53	79.0
At-EXP1	SRR8517588.14170	36.434	129	82	0	729	343	835	449	2.71e-22	77.1
At-EXP1	SRR8517588.14170	42.029	69	40	0	270	64	370	164	2.71e-22	51.5
At-EXP1	SRR8517588.14170	44.000	50	28	0	123	272	223	372	1.05e-17	49.6
At-EXP1	SRR8517588.14170	51.429	35	17	0	405	509	511	615	1.05e-17	47.3
At-EXP1	SRR8517588.14170	34.545	55	36	0	581	745	687	851	1.05e-17	25.8
At-EXP1	SRR8517588.14170	45.833	24	13	0	282	353	388	459	1.05e-17	24.4
At-EXP1	SRR8517588.92193	63.551	107	39	0	430	750	997	1317	4.61e-90	166
At-EXP1	SRR8517588.92193	81.081	74	14	0	64	285	164	385	4.61e-90	119
At-EXP1	SRR8517588.92193	74.545	55	14	0	283	447	389	553	4.61e-90	93.6
At-EXP1	SRR8517588.92193	48.039	102	53	0	749	444	1316	1011	2.26e-47	90.9
At-EXP1	SRR8517588.92193	75.556	45	11	0	281	147	381	247	2.26e-47	79.0
At-EXP1	SRR8517588.92193	61.818	55	21	0	446	282	552	388	2.26e-47	67.0
At-EXP1	SRR8517588.92193	37.647	85	53	0	729	475	1296	1042	1.36e-19	57.0
At-EXP1	SRR8517588.92193	42.029	69	40	0	270	64	370	164	1.36e-19	51.5
At-EXP1	SRR8517588.92193	35.484	31	20	0	435	343	541	449	1.36e-19	29.9
At-EXP1	SRR8517588.92193	87.500	8	1	0	442	419	548	525	1.36e-19	22.6
At-EXP1	SRR8517588.92193	44.000	50	28	0	123	272	223	372	1.85e-10	49.6
At-EXP1	SRR8517588.92193	45.455	22	12	0	405	470	511	576	1.85e-10	29.0
At-EXP1	SRR8517588.92193	34.545	55	36	0	581	745	1148	1312	1.85e-10	25.8
At-EXP1	SRR8517588.92193	45.833	24	13	0	282	353	388	459	1.85e-10	24.4
At-EXP1	SRR8517588.265057	70.000	150	45	0	283	732	356	805	1.10e-81	246
At-EXP1	SRR8517588.265057	70.968	62	18	0	67	252	131	316	1.10e-81	81.3
At-EXP1	SRR8517588.265057	54.545	154	70	0	728	267	801	340	6.01e-45	166
At-EXP1	SRR8517588.265057	52.941	34	16	0	251	150	315	214	6.01e-45	37.7
At-EXP1	SRR8517588.265057	37.778	45	28	0	126	260	190	324	2.63e-17	44.6
At-EXP1	SRR8517588.265057	38.889	54	33	0	570	731	643	804	2.63e-17	35.4
At-EXP1	SRR8517588.265057	42.857	35	20	0	402	506	475	579	2.63e-17	34.1
At-EXP1	SRR8517588.265057	57.143	21	9	0	291	353	364	426	2.63e-17	31.8
At-EXP1	SRR8517588.265057	37.209	129	81	0	729	343	802	416	1.55e-12	66.1
At-EXP1	SRR8517588.265057	39.024	41	25	0	247	125	311	189	1.55e-12	29.5
At-EXP1	SRR8517588.22525	70.000	150	45	0	283	732	355	804	1.10e-81	246
At-EXP1	SRR8517588.22525	70.968	62	18	0	67	252	130	315	1.10e-81	81.3
At-EXP1	SRR8517588.22525	54.545	154	70	0	728	267	800	339	6.01e-45	166
At-EXP1	SRR8517588.22525	52.941	34	16	0	251	150	314	213	6.01e-45	37.7
At-EXP1	SRR8517588.22525	37.778	45	28	0	126	260	189	323	2.63e-17	44.6
At-EXP1	SRR8517588.22525	38.889	54	33	0	570	731	642	803	2.63e-17	35.4
At-EXP1	SRR8517588.22525	42.857	35	20	0	402	506	474	578	2.63e-17	34.1
At-EXP1	SRR8517588.22525	57.143	21	9	0	291	353	363	425	2.63e-17	31.8
At-EXP1	SRR8517588.22525	37.209	129	81	0	729	343	801	415	1.55e-12	66.1
At-EXP1	SRR8517588.22525	39.024	41	25	0	247	125	310	188	1.55e-12	29.5
At-EXP1	SRR8517588.90964	81.081	74	14	0	64	285	163	384	2.25e-78	119
At-EXP1	SRR8517588.90964	68.571	70	22	0	283	492	388	597	2.25e-78	111
At-EXP1	SRR8517588.90964	64.062	64	23	0	559	750	577	768	2.25e-78	103
At-EXP1	SRR8517588.90964	58.571	70	29	0	491	282	596	387	4.61e-41	83.1
At-EXP1	SRR8517588.90964	75.556	45	11	0	281	147	380	246	4.61e-41	79.0
At-EXP1	SRR8517588.90964	45.312	64	35	0	749	558	767	576	4.61e-41	47.8
At-EXP1	SRR8517588.90964	42.029	69	40	0	270	64	369	163	4.22e-16	51.5
At-EXP1	SRR8517588.90964	46.000	50	27	0	729	580	747	598	4.22e-16	43.2
At-EXP1	SRR8517588.90964	35.484	31	20	0	435	343	540	448	4.22e-16	29.9
At-EXP1	SRR8517588.90964	87.500	8	1	0	442	419	547	524	4.22e-16	22.6
At-EXP1	SRR8517588.90964	44.000	50	28	0	123	272	222	371	1.47e-14	49.6
At-EXP1	SRR8517588.90964	61.905	21	8	0	405	467	510	572	1.47e-14	36.3
At-EXP1	SRR8517588.90964	34.545	55	36	0	581	745	599	763	1.47e-14	25.8
At-EXP1	SRR8517588.90964	45.833	24	13	0	282	353	387	458	1.47e-14	24.4
At-EXP1	SRR8517588.470317	58.442	154	64	0	283	744	503	964	3.72e-70	211
At-EXP1	SRR8517588.470317	48.649	74	38	0	70	291	287	508	3.72e-70	77.6
At-EXP1	SRR8517588.470317	50.909	110	54	0	746	417	966	637	1.98e-34	111
At-EXP1	SRR8517588.470317	51.111	45	22	0	281	147	498	364	1.98e-34	41.4
At-EXP1	SRR8517588.470317	55.556	27	12	0	362	282	582	502	1.98e-34	35.0
At-EXP1	SRR8517588.90462	58.442	154	64	0	283	744	534	995	2.47e-69	211
At-EXP1	SRR8517588.90462	47.945	73	38	0	73	291	321	539	2.47e-69	74.8
At-EXP1	SRR8517588.90462	50.909	110	54	0	746	417	997	668	1.98e-34	111
At-EXP1	SRR8517588.90462	51.111	45	22	0	281	147	529	395	1.98e-34	41.4
At-EXP1	SRR8517588.90462	55.556	27	12	0	362	282	613	533	1.98e-34	35.0
At-EXP1	SRR8517588.34188	58.442	154	64	0	283	744	499	960	2.48e-69	211
At-EXP1	SRR8517588.34188	47.945	73	38	0	73	291	286	504	2.48e-69	74.8
At-EXP1	SRR8517588.34188	50.909	110	54	0	746	417	962	633	1.98e-34	111
At-EXP1	SRR8517588.34188	51.111	45	22	0	281	147	494	360	1.98e-34	41.4
At-EXP1	SRR8517588.34188	55.556	27	12	0	362	282	578	498	1.98e-34	35.0
At-EXP1	SRR8517588.25377	58.442	154	64	0	283	744	511	972	2.48e-69	211
At-EXP1	SRR8517588.25377	47.945	73	38	0	73	291	298	516	2.48e-69	74.8
At-EXP1	SRR8517588.25377	50.909	110	54	0	746	417	974	645	1.98e-34	111
At-EXP1	SRR8517588.25377	51.111	45	22	0	281	147	506	372	1.98e-34	41.4
At-EXP1	SRR8517588.25377	55.556	27	12	0	362	282	590	510	1.98e-34	35.0
At-EXP1	SRR8517588.113226	58.442	154	64	0	283	744	511	972	2.48e-69	211
At-EXP1	SRR8517588.113226	47.945	73	38	0	73	291	298	516	2.48e-69	74.8
At-EXP1	SRR8517588.113226	50.909	110	54	0	746	417	974	645	1.98e-34	111
At-EXP1	SRR8517588.113226	51.111	45	22	0	281	147	506	372	1.98e-34	41.4
At-EXP1	SRR8517588.113226	55.556	27	12	0	362	282	590	510	1.98e-34	35.0
At-EXP1	SRR8517588.12251	58.442	154	64	0	283	744	499	960	2.48e-69	211
At-EXP1	SRR8517588.12251	47.945	73	38	0	73	291	286	504	2.48e-69	74.8
At-EXP1	SRR8517588.12251	50.909	110	54	0	746	417	962	633	1.98e-34	111
At-EXP1	SRR8517588.12251	51.111	45	22	0	281	147	494	360	1.98e-34	41.4
At-EXP1	SRR8517588.12251	55.556	27	12	0	362	282	578	498	1.98e-34	35.0
At-EXP1	SRR8517588.90879	58.442	154	64	0	283	744	462	923	2.48e-69	211
At-EXP1	SRR8517588.90879	47.945	73	38	0	73	291	249	467	2.48e-69	74.8
At-EXP1	SRR8517588.90879	50.909	110	54	0	746	417	925	596	1.98e-34	111
At-EXP1	SRR8517588.90879	51.111	45	22	0	281	147	457	323	1.98e-34	41.4
At-EXP1	SRR8517588.90879	55.556	27	12	0	362	282	541	461	1.98e-34	35.0
At-EXP1	SRR8517588.448878	82.000	100	18	0	445	744	3309	3010	8.16e-52	207
At-EXP1	SRR8517588.448878	70.408	98	29	0	737	444	3017	3310	1.53e-35	153
At-EXP1	SRR8517588.448878	41.111	90	53	0	744	475	3010	3279	2.11e-07	59.7
At-EXP1	SRR8517588.443471	82.000	100	18	0	445	744	3353	3054	8.16e-52	207
At-EXP1	SRR8517588.443471	70.408	98	29	0	737	444	3061	3354	1.53e-35	153
At-EXP1	SRR8517588.443471	41.111	90	53	0	744	475	3054	3323	2.11e-07	59.7
At-EXP1	SRR8517588.379404	82.000	100	18	0	445	744	3372	3073	8.16e-52	207
At-EXP1	SRR8517588.379404	70.408	98	29	0	737	444	3080	3373	1.53e-35	153
At-EXP1	SRR8517588.379404	41.111	90	53	0	744	475	3073	3342	2.11e-07	59.7
At-EXP1	SRR8517588.205765	36.585	41	26	0	190	312	351	473	4.37e-11	42.8
At-EXP1	SRR8517588.205765	62.500	16	6	0	421	468	576	623	4.37e-11	30.4
At-EXP1	SRR8517588.205765	50.000	22	11	0	343	408	477	542	4.37e-11	28.1
At-EXP1	SRR8517588.205765	50.000	12	6	0	580	615	747	782	4.37e-11	22.6
At-EXP1	SRR8517588.205765	66.667	15	5	0	683	727	819	863	4.37e-11	21.7
At-EXP1	SRR8517588.116679	36.585	41	26	0	190	312	349	471	4.37e-11	42.8
At-EXP1	SRR8517588.116679	62.500	16	6	0	421	468	574	621	4.37e-11	30.4
At-EXP1	SRR8517588.116679	50.000	22	11	0	343	408	475	540	4.37e-11	28.1
At-EXP1	SRR8517588.116679	50.000	12	6	0	580	615	745	780	4.37e-11	22.6
At-EXP1	SRR8517588.116679	66.667	15	5	0	683	727	817	861	4.37e-11	21.7
At-EXP1	SRR8517588.230329	36.585	41	26	0	190	312	398	520	4.79e-11	42.8
At-EXP1	SRR8517588.230329	62.500	16	6	0	421	468	623	670	4.79e-11	30.4
At-EXP1	SRR8517588.230329	50.000	22	11	0	343	408	524	589	4.79e-11	28.1
At-EXP1	SRR8517588.230329	50.000	12	6	0	580	615	794	829	4.79e-11	22.6
At-EXP1	SRR8517588.95546	36.585	41	26	0	190	312	397	519	4.79e-11	42.8
At-EXP1	SRR8517588.95546	62.500	16	6	0	421	468	622	669	4.79e-11	30.4
At-EXP1	SRR8517588.95546	50.000	22	11	0	343	408	523	588	4.79e-11	28.1
At-EXP1	SRR8517588.95546	50.000	12	6	0	580	615	793	828	4.79e-11	22.6
At-EXP1	SRR8517588.100494	36.585	41	26	0	190	312	397	519	4.79e-11	42.8
At-EXP1	SRR8517588.100494	62.500	16	6	0	421	468	622	669	4.79e-11	30.4
At-EXP1	SRR8517588.100494	50.000	22	11	0	343	408	523	588	4.79e-11	28.1
At-EXP1	SRR8517588.100494	50.000	12	6	0	580	615	793	828	4.79e-11	22.6
At-EXP1	SRR8517588.184676	36.585	41	26	0	190	312	386	508	4.79e-11	42.8
At-EXP1	SRR8517588.184676	62.500	16	6	0	421	468	611	658	4.79e-11	30.4
At-EXP1	SRR8517588.184676	50.000	22	11	0	343	408	512	577	4.79e-11	28.1
At-EXP1	SRR8517588.184676	50.000	12	6	0	580	615	782	817	4.79e-11	22.6
At-EXP1	SRR8517588.42626	36.585	41	26	0	190	312	725	847	2.19e-06	42.8
At-EXP1	SRR8517588.42626	50.000	22	11	0	343	408	851	916	2.19e-06	28.1
At-EXP1	SRR8517588.42626	50.000	12	6	0	580	615	1694	1729	2.19e-06	22.6
At-EXP1	SRR8517588.42626	66.667	15	5	0	683	727	1766	1810	2.19e-06	21.7
