atexpb1	SRR8517588.230329	66.502	203	68	0	196	804	362	970	1.00e-93	340
atexpb1	SRR8517588.230329	42.857	21	12	0	79	141	245	307	1.00e-93	27.2
atexpb1	SRR8517588.230329	62.264	106	40	0	800	483	966	649	1.27e-44	123
atexpb1	SRR8517588.230329	76.471	34	8	0	293	192	459	358	1.27e-44	61.6
atexpb1	SRR8517588.230329	70.588	17	5	0	437	387	603	553	1.27e-44	28.6
atexpb1	SRR8517588.230329	52.000	25	12	0	371	297	540	466	1.27e-44	25.8
atexpb1	SRR8517588.230329	39.865	148	89	0	357	800	523	966	6.26e-35	105
atexpb1	SRR8517588.230329	45.000	60	33	0	119	298	285	464	6.26e-35	46.9
atexpb1	SRR8517588.230329	59.091	22	9	0	295	360	464	529	6.26e-35	37.3
atexpb1	SRR8517588.230329	45.714	105	57	0	804	490	970	656	9.63e-25	105
atexpb1	SRR8517588.230329	42.857	35	20	0	297	193	463	359	9.63e-25	35.0
atexpb1	SRR8517588.230329	47.436	78	41	0	488	721	654	887	2.03e-11	61.1
atexpb1	SRR8517588.230329	68.421	19	6	0	749	805	915	971	2.03e-11	30.9
atexpb1	SRR8517588.230329	40.000	105	63	0	802	488	968	654	7.65e-06	54.7
atexpb1	SRR8517588.95546	66.502	203	68	0	196	804	361	969	1.00e-93	340
atexpb1	SRR8517588.95546	42.857	21	12	0	79	141	244	306	1.00e-93	27.2
atexpb1	SRR8517588.95546	62.264	106	40	0	800	483	965	648	1.27e-44	123
atexpb1	SRR8517588.95546	76.471	34	8	0	293	192	458	357	1.27e-44	61.6
atexpb1	SRR8517588.95546	70.588	17	5	0	437	387	602	552	1.27e-44	28.6
atexpb1	SRR8517588.95546	52.000	25	12	0	371	297	539	465	1.27e-44	25.8
atexpb1	SRR8517588.95546	39.865	148	89	0	357	800	522	965	6.26e-35	105
atexpb1	SRR8517588.95546	45.000	60	33	0	119	298	284	463	6.26e-35	46.9
atexpb1	SRR8517588.95546	59.091	22	9	0	295	360	463	528	6.26e-35	37.3
atexpb1	SRR8517588.95546	45.714	105	57	0	804	490	969	655	9.44e-25	105
atexpb1	SRR8517588.95546	42.857	35	20	0	297	193	462	358	9.44e-25	35.0
atexpb1	SRR8517588.95546	47.436	78	41	0	488	721	653	886	2.03e-11	61.1
atexpb1	SRR8517588.95546	68.421	19	6	0	749	805	914	970	2.03e-11	30.9
atexpb1	SRR8517588.95546	40.000	105	63	0	802	488	967	653	7.65e-06	54.7
atexpb1	SRR8517588.100494	66.502	203	68	0	196	804	361	969	1.00e-93	340
atexpb1	SRR8517588.100494	42.857	21	12	0	79	141	244	306	1.00e-93	27.2
atexpb1	SRR8517588.100494	62.264	106	40	0	800	483	965	648	1.27e-44	123
atexpb1	SRR8517588.100494	76.471	34	8	0	293	192	458	357	1.27e-44	61.6
atexpb1	SRR8517588.100494	70.588	17	5	0	437	387	602	552	1.27e-44	28.6
atexpb1	SRR8517588.100494	52.000	25	12	0	371	297	539	465	1.27e-44	25.8
atexpb1	SRR8517588.100494	39.865	148	89	0	357	800	522	965	6.26e-35	105
atexpb1	SRR8517588.100494	45.000	60	33	0	119	298	284	463	6.26e-35	46.9
atexpb1	SRR8517588.100494	59.091	22	9	0	295	360	463	528	6.26e-35	37.3
atexpb1	SRR8517588.100494	45.714	105	57	0	804	490	969	655	9.41e-25	105
atexpb1	SRR8517588.100494	42.857	35	20	0	297	193	462	358	9.41e-25	35.0
atexpb1	SRR8517588.100494	47.436	78	41	0	488	721	653	886	2.03e-11	61.1
atexpb1	SRR8517588.100494	68.421	19	6	0	749	805	914	970	2.03e-11	30.9
atexpb1	SRR8517588.100494	40.000	105	63	0	802	488	967	653	7.65e-06	54.7
atexpb1	SRR8517588.184676	66.502	203	68	0	196	804	350	958	1.00e-93	340
atexpb1	SRR8517588.184676	42.857	21	12	0	79	141	233	295	1.00e-93	27.2
atexpb1	SRR8517588.184676	62.264	106	40	0	800	483	954	637	1.27e-44	123
atexpb1	SRR8517588.184676	76.471	34	8	0	293	192	447	346	1.27e-44	61.6
atexpb1	SRR8517588.184676	70.588	17	5	0	437	387	591	541	1.27e-44	28.6
atexpb1	SRR8517588.184676	52.000	25	12	0	371	297	528	454	1.27e-44	25.8
atexpb1	SRR8517588.184676	39.865	148	89	0	357	800	511	954	6.26e-35	105
atexpb1	SRR8517588.184676	45.000	60	33	0	119	298	273	452	6.26e-35	46.9
atexpb1	SRR8517588.184676	59.091	22	9	0	295	360	452	517	6.26e-35	37.3
atexpb1	SRR8517588.184676	45.714	105	57	0	804	490	958	644	9.36e-25	105
atexpb1	SRR8517588.184676	42.857	35	20	0	297	193	451	347	9.36e-25	35.0
atexpb1	SRR8517588.184676	47.436	78	41	0	488	721	642	875	2.03e-11	61.1
atexpb1	SRR8517588.184676	68.421	19	6	0	749	805	903	959	2.03e-11	30.9
atexpb1	SRR8517588.184676	40.000	105	63	0	802	488	956	642	7.65e-06	54.7
atexpb1	SRR8517588.205765	66.502	203	68	0	196	804	315	923	1.00e-93	340
atexpb1	SRR8517588.205765	42.857	21	12	0	79	141	198	260	1.00e-93	27.2
atexpb1	SRR8517588.205765	62.264	106	40	0	800	483	919	602	1.27e-44	123
atexpb1	SRR8517588.205765	76.471	34	8	0	293	192	412	311	1.27e-44	61.6
atexpb1	SRR8517588.205765	70.588	17	5	0	437	387	556	506	1.27e-44	28.6
atexpb1	SRR8517588.205765	52.000	25	12	0	371	297	493	419	1.27e-44	25.8
atexpb1	SRR8517588.205765	39.865	148	89	0	357	800	476	919	6.27e-35	105
atexpb1	SRR8517588.205765	45.000	60	33	0	119	298	238	417	6.27e-35	46.9
atexpb1	SRR8517588.205765	59.091	22	9	0	295	360	417	482	6.27e-35	37.3
atexpb1	SRR8517588.205765	45.714	105	57	0	804	490	923	609	9.05e-25	105
atexpb1	SRR8517588.205765	42.857	35	20	0	297	193	416	312	9.05e-25	35.0
atexpb1	SRR8517588.205765	47.436	78	41	0	488	721	607	840	2.03e-11	61.1
atexpb1	SRR8517588.205765	68.421	19	6	0	749	805	868	924	2.03e-11	30.9
atexpb1	SRR8517588.205765	40.000	105	63	0	802	488	921	607	7.65e-06	54.7
atexpb1	SRR8517588.116679	66.502	203	68	0	196	804	313	921	1.00e-93	340
atexpb1	SRR8517588.116679	42.857	21	12	0	79	141	196	258	1.00e-93	27.2
atexpb1	SRR8517588.116679	62.264	106	40	0	800	483	917	600	1.27e-44	123
atexpb1	SRR8517588.116679	76.471	34	8	0	293	192	410	309	1.27e-44	61.6
atexpb1	SRR8517588.116679	70.588	17	5	0	437	387	554	504	1.27e-44	28.6
atexpb1	SRR8517588.116679	52.000	25	12	0	371	297	491	417	1.27e-44	25.8
atexpb1	SRR8517588.116679	39.865	148	89	0	357	800	474	917	6.27e-35	105
atexpb1	SRR8517588.116679	45.000	60	33	0	119	298	236	415	6.27e-35	46.9
atexpb1	SRR8517588.116679	59.091	22	9	0	295	360	415	480	6.27e-35	37.3
atexpb1	SRR8517588.116679	45.714	105	57	0	804	490	921	607	9.05e-25	105
atexpb1	SRR8517588.116679	42.857	35	20	0	297	193	414	310	9.05e-25	35.0
atexpb1	SRR8517588.116679	47.436	78	41	0	488	721	605	838	2.03e-11	61.1
atexpb1	SRR8517588.116679	68.421	19	6	0	749	805	866	922	2.03e-11	30.9
atexpb1	SRR8517588.116679	40.000	105	63	0	802	488	919	605	7.65e-06	54.7
atexpb1	SRR8517588.42626	56.122	98	43	0	196	489	689	982	5.86e-65	129
atexpb1	SRR8517588.42626	77.273	44	10	0	481	612	1217	1348	5.86e-65	95.0
atexpb1	SRR8517588.42626	48.837	43	22	0	593	721	1659	1787	5.86e-65	37.7
atexpb1	SRR8517588.42626	76.471	17	4	0	754	804	1819	1869	5.86e-65	36.8
atexpb1	SRR8517588.42626	64.706	17	6	0	119	169	236	286	5.86e-65	28.6
atexpb1	SRR8517588.42626	42.857	21	12	0	79	141	196	258	5.86e-65	27.2
atexpb1	SRR8517588.42626	60.714	56	22	0	773	606	1839	1672	4.08e-38	79.4
atexpb1	SRR8517588.42626	76.471	34	8	0	293	192	786	685	4.08e-38	61.6
atexpb1	SRR8517588.42626	60.976	41	16	0	605	483	1341	1219	4.08e-38	38.6
atexpb1	SRR8517588.42626	70.588	17	5	0	437	387	930	880	4.08e-38	28.6
atexpb1	SRR8517588.42626	64.706	17	6	0	804	754	1869	1819	4.08e-38	28.1
atexpb1	SRR8517588.42626	52.000	25	12	0	371	297	867	793	4.08e-38	25.8
atexpb1	SRR8517588.42626	62.500	64	24	0	583	774	1649	1840	7.47e-29	100
atexpb1	SRR8517588.42626	59.091	22	9	0	295	360	791	856	7.47e-29	37.3
atexpb1	SRR8517588.42626	64.706	17	6	0	755	805	1820	1870	7.47e-29	27.2
atexpb1	SRR8517588.42626	42.857	35	20	0	194	298	687	791	7.47e-29	23.5
atexpb1	SRR8517588.42626	34.146	41	27	0	357	479	850	972	7.47e-29	23.5
atexpb1	SRR8517588.42626	45.455	55	30	0	759	595	1825	1661	2.77e-10	57.0
atexpb1	SRR8517588.42626	42.857	35	20	0	297	193	790	686	2.77e-10	35.0
atexpb1	SRR8517588.452041	34.091	44	29	0	226	357	2983	3114	2.12e-07	45.1
atexpb1	SRR8517588.452041	34.884	43	28	0	370	498	3109	3237	2.12e-07	33.1
atexpb1	SRR8517588.48238	34.091	44	29	0	226	357	313	444	2.20e-07	45.1
atexpb1	SRR8517588.48238	34.884	43	28	0	370	498	439	567	2.20e-07	33.1
atexpb1	SRR8517588.89330	34.091	44	29	0	226	357	229	360	2.21e-07	45.1
atexpb1	SRR8517588.89330	34.884	43	28	0	370	498	355	483	2.21e-07	33.1
atexpb1	SRR8517588.34023	42.857	28	16	0	214	297	330	413	2.75e-07	36.3
atexpb1	SRR8517588.34023	56.250	16	7	0	457	504	579	626	2.75e-07	27.2
atexpb1	SRR8517588.34023	56.250	16	7	0	382	429	525	572	2.75e-07	24.4
atexpb1	SRR8517588.34023	50.000	12	6	0	628	663	738	773	2.75e-07	22.6
atexpb1	SRR8517588.105591	42.857	28	16	0	214	297	335	418	2.76e-07	36.3
atexpb1	SRR8517588.105591	56.250	16	7	0	457	504	584	631	2.76e-07	27.2
atexpb1	SRR8517588.105591	56.250	16	7	0	382	429	530	577	2.76e-07	24.4
atexpb1	SRR8517588.105591	50.000	12	6	0	628	663	743	778	2.76e-07	22.6
atexpb1	SRR8517588.103296	42.857	28	16	0	214	297	329	412	2.76e-07	36.3
atexpb1	SRR8517588.103296	56.250	16	7	0	457	504	578	625	2.76e-07	27.2
atexpb1	SRR8517588.103296	56.250	16	7	0	382	429	524	571	2.76e-07	24.4
atexpb1	SRR8517588.103296	50.000	12	6	0	628	663	737	772	2.76e-07	22.6
atexpb1	SRR8517588.119477	42.857	28	16	0	214	297	334	417	2.78e-07	36.3
atexpb1	SRR8517588.119477	56.250	16	7	0	457	504	583	630	2.78e-07	27.2
atexpb1	SRR8517588.119477	56.250	16	7	0	382	429	529	576	2.78e-07	24.4
atexpb1	SRR8517588.119477	50.000	12	6	0	628	663	742	777	2.78e-07	22.6
atexpb1	SRR8517588.102233	42.857	28	16	0	214	297	332	415	2.78e-07	36.3
atexpb1	SRR8517588.102233	56.250	16	7	0	457	504	581	628	2.78e-07	27.2
atexpb1	SRR8517588.102233	56.250	16	7	0	382	429	527	574	2.78e-07	24.4
atexpb1	SRR8517588.102233	50.000	12	6	0	628	663	740	775	2.78e-07	22.6
atexpb1	SRR8517588.105123	42.857	28	16	0	214	297	330	413	2.78e-07	36.3
atexpb1	SRR8517588.105123	56.250	16	7	0	457	504	579	626	2.78e-07	27.2
atexpb1	SRR8517588.105123	56.250	16	7	0	382	429	525	572	2.78e-07	24.4
atexpb1	SRR8517588.105123	50.000	12	6	0	628	663	738	773	2.78e-07	22.6
atexpb1	SRR8517588.85884	42.857	28	16	0	214	297	330	413	2.78e-07	36.3
atexpb1	SRR8517588.85884	56.250	16	7	0	457	504	579	626	2.78e-07	27.2
atexpb1	SRR8517588.85884	56.250	16	7	0	382	429	525	572	2.78e-07	24.4
atexpb1	SRR8517588.85884	50.000	12	6	0	628	663	738	773	2.78e-07	22.6
atexpb1	SRR8517588.119492	42.857	28	16	0	214	297	328	411	2.78e-07	36.3
atexpb1	SRR8517588.119492	56.250	16	7	0	457	504	577	624	2.78e-07	27.2
atexpb1	SRR8517588.119492	56.250	16	7	0	382	429	523	570	2.78e-07	24.4
atexpb1	SRR8517588.119492	50.000	12	6	0	628	663	736	771	2.78e-07	22.6
